rx_gbps tx_gbps re_tx rtt_50_us rtt_99_us rpc_50_us rpc_99_us rpc_999_us
0.261205 8.358809 0 -1.000000 -1.000000 30.906370 38.188865 50.124139
0.265368 8.491780 0 -1.000000 -1.000000 30.409539 37.807090 49.827784
0.265156 8.484999 0 -1.000000 -1.000000 30.417384 37.549087 46.935705
0.265606 8.499382 0 -1.000000 -1.000000 30.287511 37.634507 48.432299
0.265480 8.495348 0 -1.000000 -1.000000 30.331092 37.705109 53.150449
0.266449 8.526363 0 -1.000000 -1.000000 30.200347 37.610101 46.682059
0.264555 8.465765 0 -1.000000 -1.000000 30.493216 37.880307 50.043949
0.265711 8.502738 0 -1.000000 -1.000000 30.274436 37.558675 47.506624
0.263479 8.431329 0 -1.000000 -1.000000 30.632677 37.810577 52.513286
0.263820 8.442240 0 -1.000000 -1.000000 30.612630 37.663271 48.549969
0.264560 8.465926 0 -1.000000 -1.000000 30.622218 37.606615 48.020888
0.262977 8.415270 0 -1.000000 -1.000000 30.868018 37.608358 46.766608
0.262806 8.409797 0 -1.000000 -1.000000 30.949952 37.945680 49.847831
0.262517 8.400555 0 -1.000000 -1.000000 30.933391 37.712082 49.927150
0.262319 8.394212 0 -1.000000 -1.000000 30.990919 37.713825 48.620572
0.261204 8.358541 0 -1.000000 -1.000000 31.105102 38.015410 47.508368
0.262487 8.399584 0 -1.000000 -1.000000 31.032757 37.811448 48.488955
0.262241 8.391726 0 -1.000000 -1.000000 31.085927 37.811448 47.946799
0.261244 8.359823 0 -1.000000 -1.000000 31.132995 37.858517 48.725168
0.262836 8.410765 0 -1.000000 -1.000000 30.926418 37.738231 49.007577
0.263575 8.434392 0 -1.000000 -1.000000 30.810490 37.643223 46.438002
0.261499 8.367980 0 -1.000000 -1.000000 31.069365 37.896868 48.665897
0.262854 8.411329 0 -1.000000 -1.000000 30.962155 37.882051 50.106706
0.262914 8.413253 0 -1.000000 -1.000000 30.859302 37.925632 54.318438
0.262668 8.405370 0 -1.000000 -1.000000 30.883708 38.289975 50.844108
0.265641 8.500516 0 -1.000000 -1.000000 30.479270 37.706852 46.064071
0.041013 1.312414 1344 -1.000000 -1.000000 30.609143 37.676345 47.909319
0.000000 0.000000 1600 -1.000000 -1.000000 1000000.000000 1000000.000000 1000000.000000
0.000000 0.000000 1600 -1.000000 -1.000000 1000000.000000 1000000.000000 1000000.000000
0.000000 0.000000 1600 -1.000000 -1.000000 1000000.000000 1000000.000000 1000000.000000
