rx_gbps tx_gbps re_tx rtt_50_us rtt_99_us rpc_50_us rpc_99_us rpc_999_us
0.168461 43.128020 0 -1.000000 -1.000000 47.911502 57.463644 70.470038
0.169205 43.316513 2 -1.000000 -1.000000 47.890583 57.588287 84.884106
0.168986 43.260290 2 -1.000000 -1.000000 47.978617 57.522915 74.014938
0.169000 43.264004 2 -1.000000 -1.000000 47.934164 57.906430 80.376932
0.168746 43.199073 2 -1.000000 -1.000000 47.993435 58.350087 83.744020
0.169226 43.321851 2 -1.000000 -1.000000 47.897556 57.332029 81.211949
0.169156 43.303936 2 -1.000000 -1.000000 47.933293 57.341617 79.648253
0.168833 43.221331 2 -1.000000 -1.000000 47.995178 57.864592 83.906143
0.168929 43.245774 2 -1.000000 -1.000000 47.936779 58.119978 89.800073
0.169355 43.355002 2 -1.000000 -1.000000 47.894941 57.020859 76.968876
0.169201 43.315344 2 -1.000000 -1.000000 47.933293 57.126325 71.458461
0.168906 43.239894 2 -1.000000 -1.000000 47.955083 57.811423 88.288675
0.168969 43.256123 2 -1.000000 -1.000000 47.956827 57.829727 83.136497
0.168805 43.213956 2 -1.000000 -1.000000 47.972516 57.917761 88.067282
0.169119 43.294396 2 -1.000000 -1.000000 47.928063 57.447955 82.291021
0.168889 43.235710 2 -1.000000 -1.000000 48.006509 57.324184 83.549648
0.168436 43.119516 2 -1.000000 -1.000000 48.070138 58.301276 91.238255
0.168100 43.033716 2 -1.000000 -1.000000 48.148584 58.452939 90.457279
0.168759 43.202284 2 -1.000000 -1.000000 48.007381 57.780044 86.653506
0.169147 43.301736 2 -1.000000 -1.000000 47.942881 57.353820 74.010580
0.168543 43.147045 2 -1.000000 -1.000000 48.043989 57.814909 87.984478
0.168890 43.235966 2 -1.000000 -1.000000 48.002151 57.607463 75.441789
0.168215 43.063035 2 -1.000000 -1.000000 48.144226 58.159201 84.519767
0.168142 43.044472 2 -1.000000 -1.000000 48.164274 57.948268 88.892711
0.168535 43.144879 2 -1.000000 -1.000000 48.105003 57.594388 79.854828
0.168397 43.109755 2 -1.000000 -1.000000 48.098030 57.948268 84.762950
0.168526 43.142683 2 -1.000000 -1.000000 48.037888 58.590656 86.421653
0.127366 32.605570 386 -1.000000 -1.000000 48.060550 57.937809 82.817483
0.000000 0.000000 1600 -1.000000 -1.000000 1000000.000000 1000000.000000 1000000.000000
0.000000 0.000000 1600 -1.000000 -1.000000 1000000.000000 1000000.000000 1000000.000000
