rx_gbps tx_gbps re_tx rtt_50_us rtt_99_us rpc_50_us rpc_99_us rpc_999_us
0.029578 60.592359 0 -1.000000 -1.000000 259.472593 383.798254 539.489480
0.029628 60.678913 5 -1.000000 -1.000000 262.137163 378.640825 559.048833
0.029543 60.504298 4 -1.000000 -1.000000 259.322673 375.405339 590.467568
0.029355 60.118886 4 -1.000000 -1.000000 260.450561 378.008894 554.496315
0.029569 60.558310 3 -1.000000 -1.000000 263.302531 374.578163 524.548889
0.029545 60.509023 4 -1.000000 -1.000000 260.921241 400.914430 592.610032
0.029608 60.637988 2 -1.000000 -1.000000 258.202630 376.858344 549.429536
0.029431 60.275169 3 -1.000000 -1.000000 262.048257 379.304135 601.964353
0.029492 60.399213 4 -1.000000 -1.000000 260.717279 378.630366 538.280531
0.029493 60.401052 4 -1.000000 -1.000000 261.601111 374.895436 581.593514
0.029435 60.282996 5 -1.000000 -1.000000 263.570992 374.311445 547.424790
0.029355 60.119986 4 -1.000000 -1.000000 255.464844 492.727461 552.493312
0.029371 60.152536 4 -1.000000 -1.000000 257.414678 490.173588 596.675309
0.029420 60.252661 3 -1.000000 -1.000000 260.193430 378.232903 591.388008
0.029414 60.240119 3 -1.000000 -1.000000 260.440973 472.652104 669.456323
0.029454 60.321384 4 -1.000000 -1.000000 263.297301 396.889248 551.104807
0.029431 60.275260 4 -1.000000 -1.000000 258.451044 401.285744 596.284819
0.029406 60.222738 3 -1.000000 -1.000000 260.430514 380.150487 583.561652
0.029697 60.819476 4 -1.000000 -1.000000 260.478453 373.399721 510.678658
0.029424 60.261016 4 -1.000000 -1.000000 259.957219 450.659164 580.236388
0.029574 60.568345 5 -1.000000 -1.000000 262.649681 371.929283 537.014054
0.029449 60.312461 2 -1.000000 -1.000000 263.543100 374.190288 497.817774
0.029490 60.395318 3 -1.000000 -1.000000 264.166315 376.095669 561.314196
0.029285 59.975268 4 -1.000000 -1.000000 258.621884 378.429891 651.663762
0.019279 39.483561 555 -1.000000 -1.000000 261.839937 375.056687 551.339275
0.000000 0.000000 1600 -1.000000 -1.000000 1000000.000000 1000000.000000 1000000.000000
0.000000 0.000000 1600 -1.000000 -1.000000 1000000.000000 1000000.000000 1000000.000000
0.000000 0.000000 1600 -1.000000 -1.000000 1000000.000000 1000000.000000 1000000.000000
0.000000 0.000000 1600 -1.000000 -1.000000 1000000.000000 1000000.000000 1000000.000000
0.000000 0.000000 1600 -1.000000 -1.000000 1000000.000000 1000000.000000 1000000.000000
