rx_gbps tx_gbps re_tx rtt_50_us rtt_99_us rpc_50_us rpc_99_us rpc_999_us
0.000806 53.336075 0 -1.000000 -1.000000 9946.574785 13868.564196 15933.001141
0.000806 52.799181 0 -1.000000 -1.000000 9957.810074 14105.953922 16293.838719
0.000806 52.799223 0 -1.000000 -1.000000 10006.763338 13932.662002 16276.187373
0.000807 52.899876 0 -1.000000 -1.000000 9929.483024 14329.702665 16209.409310
0.000799 52.346190 0 -1.000000 -1.000000 10031.130580 14190.402507 15914.630701
0.000799 52.379763 0 -1.000000 -1.000000 10050.350857 14547.221879 16368.012549
0.000805 52.748850 0 -1.000000 -1.000000 9932.712408 14632.925609 16391.101112
0.000807 52.899872 0 -1.000000 -1.000000 9927.172338 14204.938653 15791.869692
0.000806 52.815991 0 -1.000000 -1.000000 9962.271940 14463.903796 15948.483003
0.000804 52.698505 0 -1.000000 -1.000000 9964.063136 16879.274006 18547.503564
0.000800 52.446876 0 -1.000000 -1.000000 10107.071201 13067.758259 15206.084882
0.000793 51.943550 0 -1.000000 -1.000000 9990.388927 17716.572408 18289.270590
0.000805 52.748872 0 -1.000000 -1.000000 9953.316830 14413.524549 17039.886348
0.000806 52.849557 0 -1.000000 -1.000000 9934.374603 14348.492357 17479.361366
0.000802 52.530741 0 -1.000000 -1.000000 9996.722179 15175.735654 18176.760801
0.000806 52.832782 0 -1.000000 -1.000000 9921.564281 14301.552555 16353.362220
0.000804 52.698546 0 -1.000000 -1.000000 9807.102917 18461.090329 19191.985571
0.000806 52.832736 0 -1.000000 -1.000000 9880.059082 18546.251906 19153.952939
0.000806 52.815931 0 -1.000000 -1.000000 9936.209380 14987.025500 17361.994864
0.000806 52.799204 0 -1.000000 -1.000000 9980.501175 14454.237438 16935.994350
0.000804 52.664997 0 -1.000000 -1.000000 9978.954035 14932.071947 17763.990734
0.000807 52.899876 0 -1.000000 -1.000000 9922.509126 14444.972028 16345.044270
0.000802 52.547481 0 -1.000000 -1.000000 9967.706543 14444.868305 16281.154783
0.000805 52.748896 0 -1.000000 -1.000000 9954.129188 14489.611603 15998.877940
0.000803 52.614569 0 -1.000000 -1.000000 10020.954319 14353.743046 16813.331834
0.000798 52.312616 0 -1.000000 -1.000000 10016.016544 14660.098623 17451.134553
0.000808 52.966955 0 -1.000000 -1.000000 9939.482345 14203.075984 16909.037499
0.000810 53.067616 0 -1.000000 -1.000000 9979.667027 17185.736793 17738.832924
0.000024 1.577097 1544 -1.000000 -1.000000 9832.377524 17480.814370 17480.814370
0.000000 0.000000 1600 -1.000000 -1.000000 1000000.000000 1000000.000000 1000000.000000
