rx_gbps tx_gbps re_tx rtt_50_us rtt_99_us rpc_50_us rpc_99_us rpc_999_us
0.003566 58.566493 0 -1.000000 -1.000000 2236.665441 3180.828582 3580.569387
0.003588 58.792913 0 -1.000000 -1.000000 2224.365898 3237.783371 3625.873996
0.003586 58.746862 0 -1.000000 -1.000000 2225.139032 3257.542306 3684.887570
0.003581 58.667136 0 -1.000000 -1.000000 2229.878945 3227.862501 3584.015804
0.003576 58.591614 0 -1.000000 -1.000000 2230.317374 3234.584496 3652.298270
0.003558 58.289588 0 -1.000000 -1.000000 2243.335138 3240.303247 3682.445268
0.003584 58.717360 0 -1.000000 -1.000000 2228.855654 3181.995692 3603.398196
0.003581 58.662912 0 -1.000000 -1.000000 2229.216508 3249.550349 3659.646966
0.003569 58.474223 0 -1.000000 -1.000000 2233.144935 3272.887317 3721.029625
0.003560 58.327428 0 -1.000000 -1.000000 2240.844897 3283.261434 3838.278409
0.003549 58.142753 0 -1.000000 -1.000000 2246.748434 3276.864556 3708.442445
0.003574 58.549706 0 -1.000000 -1.000000 2231.275293 3279.218823 3723.675887
0.003578 58.625183 0 -1.000000 -1.000000 2232.560073 3264.450830 3605.284399
0.003572 58.524551 0 -1.000000 -1.000000 2233.014191 3265.640602 3710.613670
0.003561 58.339988 0 -1.000000 -1.000000 2242.303131 3261.350449 3683.222760
0.003535 57.912167 0 -1.000000 -1.000000 2255.128265 3322.192698 3815.514100
0.003560 58.323152 0 -1.000000 -1.000000 2242.867074 3251.884569 3873.416348
0.003583 58.704841 0 -1.000000 -1.000000 2227.670240 3257.598962 4281.487302
0.003571 58.511958 0 -1.000000 -1.000000 2232.203577 3254.952699 3741.503295
0.003577 58.600017 0 -1.000000 -1.000000 2232.067603 3262.316213 3657.170671
0.003575 58.574876 0 -1.000000 -1.000000 2230.458578 3250.121265 3889.337505
0.003565 58.402928 0 -1.000000 -1.000000 2239.872160 3262.423423 3630.145845
0.003577 58.608371 0 -1.000000 -1.000000 2228.870472 3307.382867 3838.894650
0.003571 58.499373 0 -1.000000 -1.000000 2236.039612 3260.693241 3679.472145
0.003584 58.717416 0 -1.000000 -1.000000 2225.883403 3237.675289 3622.434552
0.003580 58.658547 0 -1.000000 -1.000000 2235.209822 3206.406506 3678.529043
0.003567 58.444841 0 -1.000000 -1.000000 2239.114716 3218.645907 3669.763952
0.003337 54.669868 104 -1.000000 -1.000000 2232.981941 3250.650343 3623.601662
0.000000 0.000000 1600 -1.000000 -1.000000 1000000.000000 1000000.000000 1000000.000000
0.000000 0.000000 1600 -1.000000 -1.000000 1000000.000000 1000000.000000 1000000.000000
