rx_gbps tx_gbps re_tx rtt_50_us rtt_99_us rpc_50_us rpc_99_us rpc_999_us
0.014425 59.117912 0 -1.000000 -1.000000 544.720063 992.774031 1068.163700
0.014414 59.038250 0 -1.000000 -1.000000 541.488940 1000.499264 1274.843991
0.014371 58.864178 0 -1.000000 -1.000000 546.817198 978.200420 1110.703476
0.014421 59.067679 0 -1.000000 -1.000000 538.967322 1015.581905 1177.367283
0.014389 58.938689 0 -1.000000 -1.000000 544.355722 991.674037 1241.750042
0.014481 59.316181 0 -1.000000 -1.000000 533.166641 991.244325 1288.250492
0.014443 59.158896 0 -1.000000 -1.000000 536.565117 990.520002 1157.022628
0.014357 58.804432 0 -1.000000 -1.000000 550.050936 869.908559 1122.436452
0.014417 59.054009 0 -1.000000 -1.000000 535.791111 1023.572114 1178.319100
0.014369 58.854778 0 -1.000000 -1.000000 543.305411 1003.453210 1299.459621
0.014433 59.116864 0 -1.000000 -1.000000 532.573063 1004.686562 1293.562190
0.014410 59.024697 0 -1.000000 -1.000000 540.386331 999.804577 1174.811672
0.014391 58.943926 0 -1.000000 -1.000000 547.422108 970.364490 1145.857952
0.014411 59.025723 0 -1.000000 -1.000000 541.335533 1011.565446 1318.387882
0.014412 59.033076 0 -1.000000 -1.000000 547.124011 856.204833 1030.463200
0.014317 58.640822 0 -1.000000 -1.000000 548.198728 968.412916 1223.871220
0.014360 58.817025 0 -1.000000 -1.000000 541.927368 1018.012002 1219.831227
0.014360 58.817062 0 -1.000000 -1.000000 546.830273 970.857831 1359.032739
0.014246 58.353569 0 -1.000000 -1.000000 547.697542 1011.324877 1278.097776
0.014314 58.630407 0 -1.000000 -1.000000 548.058396 971.440950 1177.443986
0.014419 59.060305 0 -1.000000 -1.000000 542.339648 993.887099 1336.485482
0.014411 59.027761 0 -1.000000 -1.000000 535.672570 1005.014294 1248.819812
0.014458 59.218641 0 -1.000000 -1.000000 536.084850 1003.990132 1211.548152
0.014467 59.256388 0 -1.000000 -1.000000 538.708448 1007.972598 1226.368433
0.014392 58.951283 0 -1.000000 -1.000000 542.585447 1003.637995 1167.218054
0.014423 59.078163 0 -1.000000 -1.000000 534.116715 1015.039753 1333.549841
0.014337 58.723744 0 -1.000000 -1.000000 549.686596 851.401295 1090.962858
0.003251 13.317229 1232 -1.000000 -1.000000 541.182999 1006.923158 5010.171873
0.000000 0.000000 1600 -1.000000 -1.000000 1000000.000000 1000000.000000 1000000.000000
0.000000 0.000000 1600 -1.000000 -1.000000 1000000.000000 1000000.000000 1000000.000000
