rx_gbps tx_gbps re_tx rtt_50_us rtt_99_us rpc_50_us rpc_99_us rpc_999_us
0.000188 48.476112 0 -1.000000 -1.000000 39122.739884 78423.832291 78870.059204
0.000187 46.137773 0 -1.000000 -1.000000 41728.513502 77328.968657 80954.849637
0.000183 45.063382 0 -1.000000 -1.000000 43723.768994 81380.560741 87615.416875
0.000189 46.580193 0 -1.000000 -1.000000 41086.733979 76777.433591 78752.816545
0.000189 46.706603 0 -1.000000 -1.000000 39675.383677 78022.131405 79129.529233
0.000188 46.516950 0 -1.000000 -1.000000 41426.918817 78273.045408 79285.211251
0.000189 46.580163 0 -1.000000 -1.000000 42135.057225 74512.325957 76874.551808
0.000187 46.137798 0 -1.000000 -1.000000 43632.237995 75208.141979 76194.394813
0.000187 46.264097 0 -1.000000 -1.000000 43487.617971 74870.960815 79403.475473
0.000190 47.022610 0 -1.000000 -1.000000 39143.098798 77194.292311 79012.123577
0.000190 46.833016 0 -1.000000 -1.000000 40584.069197 77286.025531 80438.986471
0.000189 46.706632 0 -1.000000 -1.000000 40130.959809 76811.220132 79483.002235
0.000187 46.264205 0 -1.000000 -1.000000 41670.572924 76475.784864 78071.626655
0.000190 46.896209 0 -1.000000 -1.000000 41642.263775 77134.550923 78646.259330
0.000190 47.022645 0 -1.000000 -1.000000 40513.263201 76518.144863 77566.770568
0.000189 46.706621 0 -1.000000 -1.000000 38717.883658 77219.954287 78450.497526
0.000190 46.833041 0 -1.000000 -1.000000 38770.493281 76390.040689 77146.195172
0.000187 46.074584 0 -1.000000 -1.000000 41998.040523 74870.165007 77125.995769
0.000188 46.327393 0 -1.000000 -1.000000 40153.344416 77841.516103 80508.491107
0.000188 46.390599 0 -1.000000 -1.000000 41090.630214 77931.029253 79593.095696
0.000190 46.959399 0 -1.000000 -1.000000 39596.728556 76343.114164 78492.581215
0.000190 46.896213 0 -1.000000 -1.000000 38472.219547 76606.086446 77561.846670
0.000187 46.074559 0 -1.000000 -1.000000 40719.140397 75862.126216 78479.198042
0.000187 46.200912 0 -1.000000 -1.000000 41618.100149 57454.944216 67056.463205
0.000190 46.896151 0 -1.000000 -1.000000 41111.411002 57983.915117 76486.526965
0.000186 45.948171 0 -1.000000 -1.000000 42908.732560 60721.953251 76968.972296
0.000188 46.516959 0 -1.000000 -1.000000 42081.148857 76939.190074 77744.953121
0.000140 34.508539 400 -1.000000 -1.000000 41796.562499 77547.261504 79968.188876
0.000000 0.000000 1600 -1.000000 -1.000000 1000000.000000 1000000.000000 1000000.000000
0.000000 0.000000 1600 -1.000000 -1.000000 1000000.000000 1000000.000000 1000000.000000
