rx_gbps tx_gbps re_tx rtt_50_us rtt_99_us rpc_50_us rpc_99_us rpc_999_us
0.203862 26.095327 0 -1.000000 -1.000000 39.612871 48.506090 72.448836
0.204661 26.196625 0 -1.000000 -1.000000 39.660811 48.297771 60.314033
0.205238 26.270481 0 -1.000000 -1.000000 39.578878 48.023208 60.690576
0.205200 26.265662 0 -1.000000 -1.000000 39.578006 48.011877 63.134621
0.205127 26.256307 0 -1.000000 -1.000000 39.598054 47.938661 61.541285
0.204917 26.229350 0 -1.000000 -1.000000 39.625074 48.000546 66.281197
0.205135 26.257227 0 -1.000000 -1.000000 39.602412 47.862829 61.247546
0.205293 26.277521 0 -1.000000 -1.000000 39.570161 47.896822 64.604185
0.205196 26.265053 0 -1.000000 -1.000000 39.584108 47.788741 60.871003
0.205183 26.263463 0 -1.000000 -1.000000 39.585851 47.813146 62.140965
0.205066 26.248471 0 -1.000000 -1.000000 39.598925 47.926458 60.111815
0.204983 26.237817 0 -1.000000 -1.000000 39.611128 47.965681 63.966154
0.204880 26.224630 0 -1.000000 -1.000000 39.634662 48.134777 65.173358
0.204799 26.214322 0 -1.000000 -1.000000 39.638148 48.294285 66.240231
0.204721 26.204351 0 -1.000000 -1.000000 39.659068 48.361400 62.004991
0.204997 26.239562 0 -1.000000 -1.000000 39.605898 48.135648 64.680888
0.205024 26.243029 0 -1.000000 -1.000000 39.606770 48.107756 67.190305
0.204903 26.227543 0 -1.000000 -1.000000 39.624202 48.092939 71.306132
0.204899 26.227081 0 -1.000000 -1.000000 39.627689 48.085094 67.327151
0.204877 26.224279 0 -1.000000 -1.000000 39.627689 47.882876 72.629263
0.204979 26.237357 0 -1.000000 -1.000000 39.600668 48.159182 70.655897
0.205156 26.260013 0 -1.000000 -1.000000 39.578878 48.115601 63.926930
0.205109 26.254003 0 -1.000000 -1.000000 39.605027 47.875903 62.932403
0.205161 26.260638 0 -1.000000 -1.000000 39.604155 47.750389 59.639393
0.204968 26.235883 0 -1.000000 -1.000000 39.612871 47.937789 65.299744
0.076932 9.847344 992 -1.000000 -1.000000 39.580621 48.053715 64.211953
0.000000 0.000000 1600 -1.000000 -1.000000 1000000.000000 1000000.000000 1000000.000000
0.000000 0.000000 1600 -1.000000 -1.000000 1000000.000000 1000000.000000 1000000.000000
0.000000 0.000000 1600 -1.000000 -1.000000 1000000.000000 1000000.000000 1000000.000000
0.000000 0.000000 1600 -1.000000 -1.000000 1000000.000000 1000000.000000 1000000.000000
