rx_gbps tx_gbps re_tx rtt_50_us rtt_99_us rpc_50_us rpc_99_us rpc_999_us
0.007165 58.761647 0 -1.000000 -1.000000 1088.613876 1568.176120 1940.160887
0.007196 58.946141 0 -1.000000 -1.000000 1114.254623 1494.851097 3053.908222
0.007176 58.784760 0 -1.000000 -1.000000 1107.187445 1523.925196 3132.561520
0.007167 58.709263 0 -1.000000 -1.000000 1078.209226 1575.884818 3034.694005
0.007152 58.589684 0 -1.000000 -1.000000 1107.186574 1529.730253 3020.023596
0.007160 58.656831 0 -1.000000 -1.000000 1058.239306 1545.408266 3007.695258
0.007157 58.629515 0 -1.000000 -1.000000 1101.782466 1537.085069 3000.628080
0.007154 58.604356 0 -1.000000 -1.000000 1054.144387 1583.448825 3140.865542
0.007149 58.566647 0 -1.000000 -1.000000 1043.504396 1543.522059 2970.011196
0.007151 58.579183 0 -1.000000 -1.000000 1104.365107 1883.212926 3083.002368
0.007169 58.727956 0 -1.000000 -1.000000 1064.492381 1586.325205 3014.929789
0.007185 58.862341 0 -1.000000 -1.000000 1091.498972 1510.825465 3041.350645
0.007191 58.910573 0 -1.000000 -1.000000 1114.819440 1500.647439 3199.147969
0.007139 58.482750 0 -1.000000 -1.000000 1095.628757 1584.307381 3049.839452
0.007148 58.558129 0 -1.000000 -1.000000 1094.401501 1538.092674 3111.362601
0.007157 58.629520 0 -1.000000 -1.000000 1056.843826 1558.931610 2997.797025
0.007134 58.444967 0 -1.000000 -1.000000 1087.241059 1555.509589 3005.572838
0.007145 58.535091 0 -1.000000 -1.000000 1110.933712 1560.032479 3172.156196
0.007145 58.535111 0 -1.000000 -1.000000 1071.734757 1648.824580 3082.701655
0.007154 58.608480 0 -1.000000 -1.000000 1048.550264 1583.989236 2997.676740
0.007155 58.614854 0 -1.000000 -1.000000 1108.844414 1536.715498 2999.521110
0.007145 58.530924 0 -1.000000 -1.000000 1071.594424 1544.507001 3036.812066
0.007163 58.675642 0 -1.000000 -1.000000 1101.398077 1548.758813 2946.917353
0.007149 58.564498 0 -1.000000 -1.000000 1107.633720 1569.325800 3124.760430
0.007178 58.803556 0 -1.000000 -1.000000 1121.076002 1494.985329 3047.108634
0.007140 58.491152 0 -1.000000 -1.000000 1074.396715 1525.489772 3104.291065
0.007198 58.967192 0 -1.000000 -1.000000 1115.949944 1497.483421 3216.075900
0.005621 46.046312 336 -1.000000 -1.000000 1120.197398 1632.531196 3175.919023
0.000000 0.000000 1600 -1.000000 -1.000000 1000000.000000 1000000.000000 1000000.000000
0.000000 0.000000 1600 -1.000000 -1.000000 1000000.000000 1000000.000000 1000000.000000
