rx_gbps tx_gbps re_tx rtt_50_us rtt_99_us rpc_50_us rpc_99_us rpc_999_us
0.001721 56.666289 0 -1.000000 -1.000000 4641.235016 6118.608487 6785.855380
0.001724 56.506910 0 -1.000000 -1.000000 4647.608352 6143.774096 6783.624015
0.001727 56.574039 0 -1.000000 -1.000000 4635.124912 6174.608767 6738.521685
0.001728 56.615938 0 -1.000000 -1.000000 4646.442987 6110.492769 6571.499682
0.001730 56.699832 0 -1.000000 -1.000000 4630.539284 6234.211480 7020.902627
0.001718 56.297188 0 -1.000000 -1.000000 4672.360810 6173.522720 6650.820338
0.001730 56.699789 0 -1.000000 -1.000000 4622.885528 6108.610927 6603.308831
0.001725 56.523752 0 -1.000000 -1.000000 4629.143809 6294.406900 7289.012422
0.001730 56.699917 0 -1.000000 -1.000000 4633.338949 6101.906373 6983.466255
0.001728 56.624396 0 -1.000000 -1.000000 4630.049429 6151.162005 6830.230773
0.001720 56.347546 0 -1.000000 -1.000000 4660.882357 6165.937823 6701.851473
0.001728 56.632724 0 -1.000000 -1.000000 4631.465823 6163.540849 7260.275758
0.001732 56.766993 0 -1.000000 -1.000000 4620.555670 6120.574877 6861.864725
0.001726 56.548841 0 -1.000000 -1.000000 4623.977677 6168.102072 6871.507533
0.001732 56.758509 0 -1.000000 -1.000000 4626.514111 6113.594889 6545.081545
0.001710 56.045489 0 -1.000000 -1.000000 4688.386541 6295.855544 6999.303714
0.001679 55.030493 0 -1.000000 -1.000000 4768.175260 6387.812174 6924.192144
0.001723 56.464982 0 -1.000000 -1.000000 4640.166402 6174.666294 6653.697578
0.001729 56.641178 0 -1.000000 -1.000000 4632.460349 6214.556295 6860.683671
0.001729 56.649516 0 -1.000000 -1.000000 4636.508184 6183.830578 6891.330942
0.001733 56.792124 0 -1.000000 -1.000000 4626.304920 6102.043219 6619.328461
0.001708 55.978391 0 -1.000000 -1.000000 4675.318240 6367.681952 7510.453575
0.001733 56.775381 0 -1.000000 -1.000000 4610.621739 6181.397868 6770.738756
0.001727 56.599197 0 -1.000000 -1.000000 4637.232506 6150.876983 6973.551500
0.001738 56.951544 0 -1.000000 -1.000000 4606.254889 6101.671034 6898.674398
0.001729 56.649384 0 -1.000000 -1.000000 4625.941452 6206.934791 6935.834464
0.001717 56.246863 0 -1.000000 -1.000000 4671.947659 6212.175011 6928.814381
0.000843 27.615921 816 -1.000000 -1.000000 4640.493262 6286.682543 7250.170116
0.000000 0.000000 1600 -1.000000 -1.000000 1000000.000000 1000000.000000 1000000.000000
0.000000 0.000000 1600 -1.000000 -1.000000 1000000.000000 1000000.000000 1000000.000000
