rx_gbps tx_gbps re_tx rtt_50_us rtt_99_us rpc_50_us rpc_99_us rpc_999_us
0.109742 56.192094 0 -1.000000 -1.000000 71.227018 108.516774 139.204398
0.110376 56.512601 4 -1.000000 -1.000000 70.533157 129.815493 145.093493
0.110211 56.428027 4 -1.000000 -1.000000 70.623812 128.511455 144.567868
0.109665 56.148566 3 -1.000000 -1.000000 71.377819 104.656087 148.073780
0.111375 57.024061 4 -1.000000 -1.000000 69.712903 130.950426 141.425448
0.109793 56.213988 3 -1.000000 -1.000000 71.494624 103.925616 129.172191
0.112056 57.372573 3 -1.000000 -1.000000 68.953667 132.635390 146.156947
0.111930 57.308040 2 -1.000000 -1.000000 68.986791 132.600523 150.257348
0.112214 57.453639 4 -1.000000 -1.000000 68.856910 132.217854 153.033660
0.111316 56.993584 3 -1.000000 -1.000000 69.443553 133.263002 146.998122
0.111435 57.054508 4 -1.000000 -1.000000 69.492367 131.446414 142.752151
0.111194 56.931261 4 -1.000000 -1.000000 69.488009 132.992780 146.639860
0.111455 57.064729 3 -1.000000 -1.000000 69.189893 133.334480 162.594287
0.111128 56.897452 2 -1.000000 -1.000000 69.756487 131.211059 144.137256
0.112427 57.562844 3 -1.000000 -1.000000 68.719184 131.860463 145.472676
0.111804 57.243585 4 -1.000000 -1.000000 69.134977 132.582217 144.788404
0.111724 57.202643 3 -1.000000 -1.000000 69.056525 132.896024 157.298808
0.112158 57.425038 4 -1.000000 -1.000000 68.937976 131.035851 145.675778
0.109805 56.219915 4 -1.000000 -1.000000 71.232248 109.638631 154.033481
0.110682 56.668996 4 -1.000000 -1.000000 70.246373 129.188753 148.572383
0.111816 57.249853 4 -1.000000 -1.000000 69.144565 132.325071 145.427348
0.111753 57.217776 3 -1.000000 -1.000000 69.048680 132.673744 154.236584
0.111563 57.120241 4 -1.000000 -1.000000 69.140207 132.753067 165.551910
0.111449 57.062060 4 -1.000000 -1.000000 69.330234 133.108714 153.347466
0.109882 56.259708 4 -1.000000 -1.000000 71.047451 124.727476 140.348047
0.109637 56.134164 4 -1.000000 -1.000000 71.517288 104.412016 136.755839
0.109717 56.175139 3 -1.000000 -1.000000 71.147694 124.119912 146.842091
0.039342 20.143076 1036 -1.000000 -1.000000 69.227375 132.800138 151.004380
0.000000 0.000000 1600 -1.000000 -1.000000 1000000.000000 1000000.000000 1000000.000000
0.000000 0.000000 1600 -1.000000 -1.000000 1000000.000000 1000000.000000 1000000.000000
