rx_gbps tx_gbps re_tx rtt_50_us rtt_99_us rpc_50_us rpc_99_us rpc_999_us
0.250447 16.029150 0 -1.000000 -1.000000 31.863239 40.736414 52.216629
0.253087 16.197589 0 -1.000000 -1.000000 31.689785 40.317161 50.136052
0.252618 16.167521 0 -1.000000 -1.000000 31.739468 40.379918 51.836599
0.251406 16.089988 0 -1.000000 -1.000000 31.789151 40.847982 53.573754
0.253110 16.199031 0 -1.000000 -1.000000 31.661893 40.205593 49.495406
0.252708 16.173286 0 -1.000000 -1.000000 31.693272 40.373817 51.387710
0.252470 16.158064 0 -1.000000 -1.000000 31.702860 40.115815 50.952768
0.252020 16.129271 0 -1.000000 -1.000000 31.735982 40.422628 56.949570
0.250531 16.033984 0 -1.000000 -1.000000 31.818786 40.541169 50.259823
0.254362 16.279190 0 -1.000000 -1.000000 31.547710 40.099254 50.469886
0.253317 16.212256 0 -1.000000 -1.000000 31.654920 40.375560 51.537630
0.253997 16.255825 0 -1.000000 -1.000000 31.577345 40.028652 51.778200
0.254365 16.279365 0 -1.000000 -1.000000 31.571244 40.063517 51.986519
0.254430 16.283494 0 -1.000000 -1.000000 31.510230 40.031267 49.996592
0.254527 16.289758 0 -1.000000 -1.000000 31.538122 40.183802 53.764640
0.254333 16.277309 0 -1.000000 -1.000000 31.580832 40.010348 49.192079
0.254683 16.299717 0 -1.000000 -1.000000 31.532892 40.039983 51.753794
0.254261 16.272685 0 -1.000000 -1.000000 31.587805 40.005118 52.944438
0.254208 16.269295 0 -1.000000 -1.000000 31.587805 39.924057 51.459184
0.254367 16.279482 0 -1.000000 -1.000000 31.525919 40.257890 51.667503
0.254825 16.308823 0 -1.000000 -1.000000 31.498027 40.188160 52.315123
0.254856 16.310799 0 -1.000000 -1.000000 31.521561 40.003375 50.640725
0.255295 16.338861 0 -1.000000 -1.000000 31.447473 39.934516 51.573367
0.255482 16.350847 0 -1.000000 -1.000000 31.464905 39.688717 50.269411
0.255112 16.327200 0 -1.000000 -1.000000 31.501514 39.887448 49.747306
0.255263 16.336850 0 -1.000000 -1.000000 31.457932 39.884833 51.211641
0.174643 11.177141 504 -1.000000 -1.000000 31.442243 39.741015 51.805220
0.000000 0.000000 1600 -1.000000 -1.000000 1000000.000000 1000000.000000 1000000.000000
0.000000 0.000000 1600 -1.000000 -1.000000 1000000.000000 1000000.000000 1000000.000000
