rx_gbps tx_gbps re_tx rtt_50_us rtt_99_us rpc_50_us rpc_99_us rpc_999_us
0.058333 59.741325 0 -1.000000 -1.000000 130.204619 257.329777 298.215218
0.058078 59.471398 1 -1.000000 -1.000000 130.711034 253.083207 297.434239
0.058305 59.703897 4 -1.000000 -1.000000 131.612298 249.642892 297.469976
0.058584 59.990145 4 -1.000000 -1.000000 130.323160 254.560616 288.648232
0.058587 59.993273 2 -1.000000 -1.000000 129.814130 251.917840 280.338133
0.058350 59.750587 4 -1.000000 -1.000000 129.172612 254.353168 328.477260
0.058130 59.525387 3 -1.000000 -1.000000 130.470465 255.758232 312.690339
0.058396 59.797478 4 -1.000000 -1.000000 129.024435 255.578677 311.756826
0.058424 59.825813 4 -1.000000 -1.000000 130.140118 254.611170 285.864253
0.058603 60.009615 4 -1.000000 -1.000000 128.911123 249.513891 271.709891
0.058494 59.897904 2 -1.000000 -1.000000 129.852481 252.137491 278.521661
0.058047 59.440195 3 -1.000000 -1.000000 132.168396 256.891348 323.055736
0.058147 59.542706 2 -1.000000 -1.000000 132.018476 256.944517 285.141674
0.058251 59.648803 4 -1.000000 -1.000000 130.363255 256.082478 297.293907
0.058204 59.601161 3 -1.000000 -1.000000 130.469594 253.955706 294.385286
0.058188 59.584288 2 -1.000000 -1.000000 130.079976 258.359169 301.692141
0.058058 59.451162 1 -1.000000 -1.000000 129.748757 251.598825 292.476421
0.058041 59.434465 4 -1.000000 -1.000000 130.798197 252.258647 334.807021
0.058245 59.643096 2 -1.000000 -1.000000 129.916982 255.603954 312.771400
0.058162 59.557920 4 -1.000000 -1.000000 129.774035 253.030037 314.586129
0.058419 59.821365 5 -1.000000 -1.000000 129.395748 254.794212 296.071014
0.058674 60.082432 3 -1.000000 -1.000000 130.388532 250.956435 286.355851
0.058277 59.675642 3 -1.000000 -1.000000 130.341464 253.162525 287.617096
0.058335 59.734855 2 -1.000000 -1.000000 129.558743 250.804772 273.983096
0.058115 59.509422 3 -1.000000 -1.000000 131.055327 254.242471 286.022889
0.058396 59.797718 5 -1.000000 -1.000000 130.529736 247.924042 287.875970
0.045665 46.761319 348 -1.000000 -1.000000 128.570317 255.576062 313.068626
0.000000 0.000000 1600 -1.000000 -1.000000 1000000.000000 1000000.000000 1000000.000000
0.000000 0.000000 1600 -1.000000 -1.000000 1000000.000000 1000000.000000 1000000.000000
0.000000 0.000000 1600 -1.000000 -1.000000 1000000.000000 1000000.000000 1000000.000000
