rx_gbps tx_gbps re_tx rtt_50_us rtt_99_us rpc_50_us rpc_99_us rpc_999_us
0.000365 48.923577 0 -1.000000 -1.000000 21812.344060 30785.493557 34395.904654
0.000366 48.017558 0 -1.000000 -1.000000 21839.712339 30377.084815 32541.545331
0.000366 47.950477 0 -1.000000 -1.000000 21959.931769 30379.493126 32943.576364
0.000366 47.984057 0 -1.000000 -1.000000 21892.013566 30786.666770 34460.083569
0.000364 47.715599 0 -1.000000 -1.000000 21927.693699 31474.881496 33631.469458
0.000365 47.782696 0 -1.000000 -1.000000 21919.468136 30551.982404 32877.692542
0.000366 47.916920 0 -1.000000 -1.000000 21799.961698 29873.850683 33428.146304
0.000367 48.118273 0 -1.000000 -1.000000 21887.418337 29285.365132 32423.387304
0.000363 47.581365 0 -1.000000 -1.000000 22074.630301 30686.781573 34972.199601
0.000364 47.749098 0 -1.000000 -1.000000 22014.514049 30913.533243 34288.271547
0.000366 47.950495 0 -1.000000 -1.000000 21838.369159 31523.917600 35525.481799
0.000365 47.849748 0 -1.000000 -1.000000 21882.993949 30101.380717 33744.668788
0.000363 47.547758 0 -1.000000 -1.000000 21981.464492 31420.866646 35624.184196
0.000361 47.312919 0 -1.000000 -1.000000 22044.614885 31496.352333 37362.442536
0.000345 45.232508 0 -1.000000 -1.000000 23331.038182 32567.054426 35903.256268
0.000362 47.480634 0 -1.000000 -1.000000 21993.208821 31316.834238 34885.828140
0.000365 47.849802 0 -1.000000 -1.000000 21860.766537 31071.080185 32901.705921
0.000364 47.749156 0 -1.000000 -1.000000 22003.446975 30027.178940 33233.835794
0.000365 47.849759 0 -1.000000 -1.000000 21799.598229 31216.586444 34078.033760
0.000364 47.682002 0 -1.000000 -1.000000 21953.921015 31157.870899 35584.077059
0.000366 47.950481 0 -1.000000 -1.000000 21810.709755 30826.834049 33650.701081
0.000366 47.950451 0 -1.000000 -1.000000 21900.799586 30499.743935 33388.114999
0.000365 47.782668 0 -1.000000 -1.000000 22009.540534 30009.316647 32189.089942
0.000366 47.984045 0 -1.000000 -1.000000 21759.604404 31186.310410 34816.823887
0.000361 47.380042 0 -1.000000 -1.000000 22071.458443 31611.199913 34689.223502
0.000355 46.541177 0 -1.000000 -1.000000 22588.503537 31501.402551 36739.151968
0.000362 47.413570 0 -1.000000 -1.000000 22118.735600 30518.780312 34030.586635
0.000363 47.614936 0 -1.000000 -1.000000 21950.598366 31355.335835 35238.385510
0.000009 1.241545 1552 -1.000000 -1.000000 21326.464932 30835.933856 30835.933856
0.000000 0.000000 1600 -1.000000 -1.000000 1000000.000000 1000000.000000 1000000.000000
