rx_gbps tx_gbps re_tx rtt_50_us rtt_99_us rpc_50_us rpc_99_us rpc_999_us
0.000710 6.782652 0 -1.000000 -1.000000 19832.613884 26623.804405 29102.348140
0.000714 6.686177 0 -1.000000 -1.000000 19763.812902 26881.588873 27610.801357
0.000708 6.631647 0 -1.000000 -1.000000 19985.921689 26597.660833 27734.242002
0.000702 6.577117 0 -1.000000 -1.000000 19949.121610 28023.239422 29127.668896
0.000639 5.981485 0 -1.000000 -1.000000 20217.456247 30390.086811 30800.731940
0.000644 6.027630 0 -1.000000 -1.000000 20132.343643 29674.172735 30506.306900
0.000643 6.023028 0 -1.000000 -1.000000 20092.983597 29711.389452 30408.319498
0.000644 6.031823 0 -1.000000 -1.000000 20112.311047 29674.602447 30486.846962
0.000642 6.010849 0 -1.000000 -1.000000 20079.334794 29738.761145 30300.480971
0.000643 6.023148 0 -1.000000 -1.000000 20106.961874 29928.990186 30553.888130
0.000643 6.023195 0 -1.000000 -1.000000 20068.661725 29697.846116 30426.421441
0.000645 6.036015 0 -1.000000 -1.000000 19986.394982 29518.372077 30133.765804
0.000642 6.010850 0 -1.000000 -1.000000 20098.721515 29831.772430 30147.515715
0.000642 6.010851 0 -1.000000 -1.000000 20149.556527 29725.228269 30492.492488
0.000644 6.031819 0 -1.000000 -1.000000 20135.624446 29730.753511 30004.127894
0.000643 6.019240 0 -1.000000 -1.000000 20007.294847 29710.804590 30220.804703
0.000642 6.010851 0 -1.000000 -1.000000 20129.061097 29756.537100 30531.450715
0.000641 6.002457 0 -1.000000 -1.000000 20131.682950 30209.503191 31080.188534
0.000641 6.002462 0 -1.000000 -1.000000 20167.539058 30026.324739 30903.524619
0.000634 5.935347 0 -1.000000 -1.000000 20248.204622 30392.302486 32111.033539
0.000643 6.023117 0 -1.000000 -1.000000 20143.291275 29678.014865 30304.995126
0.000644 6.031560 0 -1.000000 -1.000000 20129.256342 29889.848045 30942.529914
0.000642 6.006659 0 -1.000000 -1.000000 20126.583934 29963.393291 30673.049959
0.000640 5.994072 0 -1.000000 -1.000000 20191.046830 29851.927926 30519.989696
0.000642 6.010849 0 -1.000000 -1.000000 20146.674930 29677.754249 30430.851048
0.000641 6.002260 0 -1.000000 -1.000000 20158.378261 30398.538975 31280.219016
0.000642 6.010850 0 -1.000000 -1.000000 20131.472017 29665.183649 29787.020500
0.000639 5.981488 0 -1.000000 -1.000000 20165.571796 29941.017762 30839.139298
0.000222 2.080517 1048 -1.000000 -1.000000 20154.463786 29698.276700 30317.077615
0.000000 0.000000 1600 -1.000000 -1.000000 1000000.000000 1000000.000000 1000000.000000
