rx_gbps tx_gbps re_tx rtt_50_us rtt_99_us rpc_50_us rpc_99_us rpc_999_us
0.000120 18.892291 3 -1.000000 -1.000000 111557.426596 209404.224380 210222.800060
0.000124 17.436430 0 -1.000000 -1.000000 110679.679312 205069.204020 205891.634056
0.000123 17.380530 0 -1.000000 -1.000000 110880.172085 206079.558768 206633.488695
0.000123 17.317355 0 -1.000000 -1.000000 109126.888847 205726.774467 207551.897608
0.000124 17.506919 0 -1.000000 -1.000000 110759.922618 204488.039083 205223.587464
0.000123 17.405942 0 -1.000000 -1.000000 109285.195507 204948.563190 205778.483159
0.000124 17.433304 0 -1.000000 -1.000000 110858.960923 204074.041815 205265.091090
0.000123 17.305514 0 -1.000000 -1.000000 110939.698444 206419.569304 208167.910389
0.000123 17.282909 0 -1.000000 -1.000000 110293.331081 207302.447013 208307.754142
0.000123 17.373362 0 -1.000000 -1.000000 110958.044552 205706.048804 206516.530510
0.000123 17.358616 0 -1.000000 -1.000000 108840.267510 205178.741131 207507.519341
0.000123 17.380532 0 -1.000000 -1.000000 110996.419890 204848.229640 206057.029698
0.000123 17.364128 0 -1.000000 -1.000000 111014.290960 206018.983837 206591.666052
0.000123 17.420189 0 -1.000000 -1.000000 108421.019532 204583.644029 205653.606198
0.000123 17.420574 0 -1.000000 -1.000000 110983.246917 205786.566673 207948.000272
0.000123 17.411401 0 -1.000000 -1.000000 108368.721617 204141.940198 205015.318863
0.000123 17.366800 0 -1.000000 -1.000000 108421.447503 204983.829417 205666.716414
0.000123 17.380553 0 -1.000000 -1.000000 110845.927411 205267.536889 206324.409761
0.000123 17.349857 0 -1.000000 -1.000000 109925.500670 206754.675167 208306.087582
0.000123 17.380537 0 -1.000000 -1.000000 110756.965171 204485.252475 204914.349022
0.000123 17.380539 0 -1.000000 -1.000000 110064.864153 206341.392637 208057.896495
0.000123 17.365935 0 -1.000000 -1.000000 109756.584506 205138.868329 207201.634938
0.000123 17.380524 0 -1.000000 -1.000000 110782.210246 205629.285924 206194.045877
0.000123 17.358026 0 -1.000000 -1.000000 109931.908908 205362.699918 207293.497969
0.000123 17.421649 0 -1.000000 -1.000000 110933.130697 206198.085019 208341.283207
0.000123 17.380553 0 -1.000000 -1.000000 108531.992221 204877.648960 205609.084983
0.000038 5.308969 1105 -1.000000 -1.000000 108274.731804 204900.026367 204900.026367
0.000000 0.000000 1600 -1.000000 -1.000000 1000000.000000 1000000.000000 1000000.000000
0.000000 0.000000 1600 -1.000000 -1.000000 1000000.000000 1000000.000000 1000000.000000
0.000000 0.000000 1600 -1.000000 -1.000000 1000000.000000 1000000.000000 1000000.000000
