rx_gbps tx_gbps re_tx rtt_50_us rtt_99_us rpc_50_us rpc_99_us rpc_999_us
0.339319 24.965234 0 -1.000000 -1.000000 41.649057 53.385544 81.068487
0.341446 25.120645 0 -1.000000 -1.000000 41.594144 53.627857 74.253218
0.341602 25.132129 0 -1.000000 -1.000000 41.594144 52.501712 72.499500
0.341601 25.132044 0 -1.000000 -1.000000 41.590658 52.360508 77.676978
0.341562 25.129208 0 -1.000000 -1.000000 41.593273 52.000525 75.402025
0.341913 25.155033 0 -1.000000 -1.000000 41.583685 51.392128 72.166538
0.341821 25.148267 0 -1.000000 -1.000000 41.577584 51.527231 73.426042
0.341744 25.142609 0 -1.000000 -1.000000 41.588915 51.500210 77.639498
0.341883 25.152784 0 -1.000000 -1.000000 41.590658 51.274458 73.610828
0.341725 25.141188 0 -1.000000 -1.000000 41.591530 51.990066 73.722396
0.341765 25.144168 0 -1.000000 -1.000000 41.598503 51.753854 74.871203
0.341587 25.131039 0 -1.000000 -1.000000 41.588915 52.128655 79.245039
0.341579 25.130473 0 -1.000000 -1.000000 41.594144 52.386657 76.008679
0.341482 25.123353 0 -1.000000 -1.000000 41.595016 52.977622 77.865250
0.341326 25.111827 0 -1.000000 -1.000000 41.609834 53.185941 74.580951
0.341519 25.126046 0 -1.000000 -1.000000 41.588043 53.181583 75.211139
0.341365 25.114741 0 -1.000000 -1.000000 41.586300 54.032293 74.308131
0.341377 25.115627 0 -1.000000 -1.000000 41.600246 53.728966 77.069452
0.341190 25.101832 0 -1.000000 -1.000000 41.601118 54.312957 77.155743
0.341097 25.094975 0 -1.000000 -1.000000 41.607219 54.769691 77.873966
0.341126 25.097163 0 -1.000000 -1.000000 41.599374 55.351939 76.784429
0.340977 25.086190 0 -1.000000 -1.000000 41.601989 55.226425 79.499554
0.341341 25.112940 0 -1.000000 -1.000000 41.581942 54.710420 76.800990
0.341216 25.103781 0 -1.000000 -1.000000 41.589786 54.414066 85.077109
0.341184 25.101430 0 -1.000000 -1.000000 41.611577 54.118584 72.485554
0.341081 25.093786 0 -1.000000 -1.000000 41.599374 54.584906 80.091390
0.272741 20.065974 320 -1.000000 -1.000000 41.589786 53.937285 79.777604
0.000000 0.000000 1600 -1.000000 -1.000000 1000000.000000 1000000.000000 1000000.000000
0.000000 0.000000 1600 -1.000000 -1.000000 1000000.000000 1000000.000000 1000000.000000
0.000000 0.000000 1600 -1.000000 -1.000000 1000000.000000 1000000.000000 1000000.000000
