rx_gbps tx_gbps re_tx rtt_50_us rtt_99_us rpc_50_us rpc_99_us rpc_999_us
0.330821 12.240925 0 -1.000000 -1.000000 42.075439 56.260384 72.409989
0.337151 12.474577 0 -1.000000 -1.000000 41.983917 53.377896 73.536138
0.337911 12.502702 0 -1.000000 -1.000000 41.966485 52.498419 70.476709
0.337283 12.479461 0 -1.000000 -1.000000 41.986532 53.049291 73.466408
0.337847 12.500357 0 -1.000000 -1.000000 41.947309 51.967595 71.513951
0.338639 12.529639 0 -1.000000 -1.000000 41.920288 52.437405 68.965298
0.334425 12.373718 0 -1.000000 -1.000000 42.053648 53.538276 69.137881
0.339512 12.561959 0 -1.000000 -1.000000 41.926390 52.297944 71.057216
0.335650 12.419038 0 -1.000000 -1.000000 42.045803 53.987167 74.123619
0.332460 12.301012 0 -1.000000 -1.000000 42.050162 54.824806 74.908959
0.338619 12.528892 0 -1.000000 -1.000000 41.961255 53.779719 75.549609
0.337384 12.483213 0 -1.000000 -1.000000 41.997864 54.898023 76.848342
0.337549 12.489330 0 -1.000000 -1.000000 41.958640 55.472429 75.164348
0.336886 12.464782 0 -1.000000 -1.000000 41.965613 56.825202 73.847311
0.331151 12.252584 0 -1.000000 -1.000000 42.226231 56.549766 74.768627
0.334048 12.359763 0 -1.000000 -1.000000 42.031857 56.412920 73.758405
0.335992 12.431705 0 -1.000000 -1.000000 42.018783 56.555868 74.380750
0.336968 12.467833 0 -1.000000 -1.000000 41.947309 55.353887 71.521796
0.337329 12.481169 0 -1.000000 -1.000000 41.923775 56.749370 74.711099
0.334610 12.380578 0 -1.000000 -1.000000 42.011810 55.219655 71.826867
0.336203 12.439508 0 -1.000000 -1.000000 41.959512 55.101113 76.987803
0.332631 12.307333 0 -1.000000 -1.000000 42.006580 54.688831 76.366329
0.333783 12.349958 0 -1.000000 -1.000000 42.042317 53.900876 75.100719
0.336621 12.454971 0 -1.000000 -1.000000 42.022269 54.120527 73.257216
0.338782 12.534938 0 -1.000000 -1.000000 41.915930 52.703253 74.668389
0.335924 12.429182 0 -1.000000 -1.000000 42.034472 52.547230 76.928532
0.228566 8.456928 512 -1.000000 -1.000000 41.975201 52.255234 72.896360
0.000000 0.000000 1600 -1.000000 -1.000000 1000000.000000 1000000.000000 1000000.000000
0.000000 0.000000 1600 -1.000000 -1.000000 1000000.000000 1000000.000000 1000000.000000
0.000000 0.000000 1600 -1.000000 -1.000000 1000000.000000 1000000.000000 1000000.000000
