rx_gbps tx_gbps re_tx rtt_50_us rtt_99_us rpc_50_us rpc_99_us rpc_999_us
0.071838 42.074965 0 -1.000000 -1.000000 181.467988 357.324427 484.597121
0.075518 44.221365 4 -1.000000 -1.000000 173.049793 343.738341 451.255557
0.074818 43.811502 4 -1.000000 -1.000000 175.893047 348.141812 435.778036
0.075701 44.328577 3 -1.000000 -1.000000 172.620951 343.226695 457.108548
0.079104 46.320890 1 -1.000000 -1.000000 165.138885 327.825005 435.679542
0.075359 44.127854 3 -1.000000 -1.000000 174.403433 344.797371 470.712066
0.074557 43.658464 4 -1.000000 -1.000000 177.302472 350.765417 451.661737
0.074105 43.393697 3 -1.000000 -1.000000 178.434718 352.598453 443.061370
0.073968 43.313555 4 -1.000000 -1.000000 177.945734 356.943525 471.149624
0.072806 42.632926 3 -1.000000 -1.000000 180.327897 352.349167 460.188014
0.074582 43.673058 4 -1.000000 -1.000000 175.764046 347.577868 387.436604
0.074777 43.787345 3 -1.000000 -1.000000 177.699063 355.906286 536.515720
0.074848 43.828804 6 -1.000000 -1.000000 175.587977 347.587456 435.588893
0.077349 45.293298 4 -1.000000 -1.000000 170.292829 337.344069 476.315771
0.077446 45.349901 3 -1.000000 -1.000000 171.779829 341.805068 427.880203
0.074538 43.647288 4 -1.000000 -1.000000 177.446291 346.195464 473.783688
0.075862 44.422520 4 -1.000000 -1.000000 176.409052 348.135711 441.285862
0.073069 42.787333 3 -1.000000 -1.000000 180.437722 359.919267 478.840009
0.074265 43.487628 4 -1.000000 -1.000000 178.192405 351.786966 417.095534
0.075473 44.195062 3 -1.000000 -1.000000 174.186397 344.059972 464.234989
0.073328 42.938709 4 -1.000000 -1.000000 181.101904 363.774484 403.182587
0.077892 45.611483 3 -1.000000 -1.000000 169.597269 336.653738 453.273379
0.074942 43.883920 4 -1.000000 -1.000000 176.496215 350.929283 443.810972
0.075941 44.469013 6 -1.000000 -1.000000 175.120784 349.432695 478.143578
0.075856 44.418846 1 -1.000000 -1.000000 174.031247 345.345626 449.414676
0.075423 44.165437 4 -1.000000 -1.000000 176.843995 350.099492 456.885411
0.077813 45.565356 1 -1.000000 -1.000000 169.055115 335.164996 398.028643
0.022954 13.441394 1110 -1.000000 -1.000000 182.061568 353.157167 486.595767
0.000000 0.000000 1600 -1.000000 -1.000000 1000000.000000 1000000.000000 1000000.000000
0.000000 0.000000 1600 -1.000000 -1.000000 1000000.000000 1000000.000000 1000000.000000
