rx_gbps tx_gbps re_tx rtt_50_us rtt_99_us rpc_50_us rpc_99_us rpc_999_us
0.000119 18.770913 2 -1.000000 -1.000000 112787.030461 209715.363799 212086.558345
0.000122 17.190893 0 -1.000000 -1.000000 111586.854315 204474.375672 204954.931105
0.000122 17.190890 0 -1.000000 -1.000000 111589.982593 205395.271301 205671.165538
0.000122 17.190889 0 -1.000000 -1.000000 111343.114486 204476.071863 205111.516711
0.000121 17.105571 0 -1.000000 -1.000000 111701.246085 206251.675072 206672.157808
0.000122 17.225731 0 -1.000000 -1.000000 111448.505811 205172.131562 206138.198513
0.000122 17.180554 0 -1.000000 -1.000000 111377.377366 204325.575460 205126.293444
0.000121 17.127682 0 -1.000000 -1.000000 111610.579195 205401.337842 205775.388880
0.000122 17.168997 0 -1.000000 -1.000000 111354.713259 204598.603779 205897.375156
0.000122 17.180626 0 -1.000000 -1.000000 111692.318856 205486.111645 206326.734566
0.000122 17.170359 0 -1.000000 -1.000000 111303.019534 205304.174699 207125.417295
0.000121 17.115998 0 -1.000000 -1.000000 111814.105530 205440.517583 206145.201184
0.000122 17.162781 0 -1.000000 -1.000000 111573.243822 205079.778941 206412.970963
0.000122 17.190879 0 -1.000000 -1.000000 111493.338940 204664.219169 205533.466398
0.000122 17.176688 0 -1.000000 -1.000000 111465.182696 204462.030785 205187.949892
0.000122 17.180640 0 -1.000000 -1.000000 111644.878683 205026.139740 205839.444924
0.000122 17.190898 0 -1.000000 -1.000000 111344.054974 204315.997125 205276.065522
0.000121 17.064490 0 -1.000000 -1.000000 112217.615026 207161.309250 209755.690604
0.000122 17.174958 0 -1.000000 -1.000000 111426.074429 204503.209172 205366.053413
0.000122 17.180676 0 -1.000000 -1.000000 111640.449063 204399.498349 205274.655226
0.000121 17.064482 0 -1.000000 -1.000000 112021.564657 206196.620345 206744.441162
0.000122 17.190873 0 -1.000000 -1.000000 111715.756099 205962.521609 207059.083683
0.000122 17.186002 0 -1.000000 -1.000000 111206.710588 204415.571195 205230.710287
0.000122 17.190889 0 -1.000000 -1.000000 111639.613170 205605.659103 206749.030290
0.000121 17.055901 0 -1.000000 -1.000000 112319.973081 206567.771472 207004.862233
0.000122 17.178292 0 -1.000000 -1.000000 111452.344467 204753.806981 205604.716000
0.000121 17.115427 0 -1.000000 -1.000000 111542.715002 205571.969755 206342.191170
0.000042 5.877766 1048 -1.000000 -1.000000 112085.436787 205548.610087 205548.610087
0.000000 0.000000 1600 -1.000000 -1.000000 1000000.000000 1000000.000000 1000000.000000
0.000000 0.000000 1600 -1.000000 -1.000000 1000000.000000 1000000.000000 1000000.000000
