rx_gbps tx_gbps re_tx rtt_50_us rtt_99_us rpc_50_us rpc_99_us rpc_999_us
0.275462 40.416311 0 -1.000000 -1.000000 50.739289 67.503336 99.649027
0.278125 40.804893 2 -1.000000 -1.000000 50.630335 67.289787 102.315342
0.278738 40.894911 2 -1.000000 -1.000000 50.575422 67.171246 92.706499
0.278603 40.874991 2 -1.000000 -1.000000 50.582395 67.147712 104.828249
0.278206 40.816799 2 -1.000000 -1.000000 50.628592 68.074254 102.424295
0.278850 40.911283 2 -1.000000 -1.000000 50.591983 66.841770 95.826933
0.278878 40.915413 2 -1.000000 -1.000000 50.572807 67.076238 98.447922
0.278946 40.925303 2 -1.000000 -1.000000 50.586754 66.845256 93.127496
0.278528 40.864053 2 -1.000000 -1.000000 50.606801 67.153813 104.307886
0.277631 40.732405 2 -1.000000 -1.000000 50.707038 67.581783 102.614310
0.277696 40.741970 2 -1.000000 -1.000000 50.677403 67.885110 104.277379
0.278396 40.844714 2 -1.000000 -1.000000 50.623362 67.368234 98.008621
0.278109 40.802498 2 -1.000000 -1.000000 50.653869 67.388281 100.691496
0.278473 40.855918 2 -1.000000 -1.000000 50.632078 66.725843 89.372517
0.278239 40.821637 2 -1.000000 -1.000000 50.625977 66.792958 103.468507
0.278613 40.876437 2 -1.000000 -1.000000 50.622490 66.600328 96.882476
0.278024 40.790035 2 -1.000000 -1.000000 50.643409 67.633209 104.999960
0.278162 40.810347 2 -1.000000 -1.000000 50.652126 66.962926 99.862577
0.277407 40.699519 2 -1.000000 -1.000000 50.704424 67.975759 104.073418
0.277170 40.664803 2 -1.000000 -1.000000 50.752363 67.869421 104.412482
0.277812 40.758964 2 -1.000000 -1.000000 50.646896 68.245965 104.350596
0.278496 40.859367 2 -1.000000 -1.000000 50.619004 66.494861 94.647618
0.278056 40.794853 2 -1.000000 -1.000000 50.649511 66.715383 104.083878
0.277801 40.757331 2 -1.000000 -1.000000 50.754978 66.666572 92.438038
0.277968 40.781910 2 -1.000000 -1.000000 50.671302 66.825209 101.798465
0.193151 28.338040 482 -1.000000 -1.000000 50.687863 66.802546 99.983733
0.000000 0.000000 1600 -1.000000 -1.000000 1000000.000000 1000000.000000 1000000.000000
0.000000 0.000000 1600 -1.000000 -1.000000 1000000.000000 1000000.000000 1000000.000000
0.000000 0.000000 1600 -1.000000 -1.000000 1000000.000000 1000000.000000 1000000.000000
0.000000 0.000000 1600 -1.000000 -1.000000 1000000.000000 1000000.000000 1000000.000000
