rx_gbps tx_gbps re_tx rtt_50_us rtt_99_us rpc_50_us rpc_99_us rpc_999_us
0.353840 6.622123 0 -1.000000 -1.000000 38.201284 49.971885 65.089576
0.371316 6.948918 0 -1.000000 -1.000000 37.920616 47.137318 56.286031
0.362809 6.789710 0 -1.000000 -1.000000 38.168162 48.049923 63.253907
0.359723 6.731953 0 -1.000000 -1.000000 38.559527 48.777741 59.206019
0.373526 6.990268 0 -1.000000 -1.000000 37.924974 47.170440 62.977597
0.372216 6.965754 0 -1.000000 -1.000000 37.936306 47.275037 61.296207
0.368948 6.904603 0 -1.000000 -1.000000 37.984246 47.946198 63.796937
0.367908 6.885144 0 -1.000000 -1.000000 38.089714 47.424958 59.429158
0.366685 6.862248 0 -1.000000 -1.000000 37.995577 48.389862 60.300797
0.367067 6.869389 0 -1.000000 -1.000000 37.999064 48.150161 60.614586
0.340087 6.364488 0 -1.000000 -1.000000 43.133012 50.644790 71.175354
0.361114 6.757985 0 -1.000000 -1.000000 38.215230 49.335589 65.472226
0.362394 6.781936 0 -1.000000 -1.000000 38.014753 49.533451 66.412723
0.360822 6.752517 0 -1.000000 -1.000000 38.052234 50.020697 73.414592
0.375085 7.019456 0 -1.000000 -1.000000 37.828223 48.488357 58.036281
0.375789 7.032614 0 -1.000000 -1.000000 37.865703 48.311414 69.750225
0.371421 6.950870 0 -1.000000 -1.000000 38.016496 47.689065 66.992362
0.366839 6.865121 0 -1.000000 -1.000000 38.112377 49.056665 62.806756
0.359531 6.728372 0 -1.000000 -1.000000 38.223946 49.040104 62.203583
0.363956 6.811181 0 -1.000000 -1.000000 37.966813 49.506430 62.047559
0.373349 6.986951 0 -1.000000 -1.000000 37.884007 47.648098 66.002182
0.350262 6.554902 0 -1.000000 -1.000000 40.056130 49.435827 66.362168
0.357915 6.698119 0 -1.000000 -1.000000 38.510715 48.417754 62.659449
0.365897 6.847495 0 -1.000000 -1.000000 39.542735 47.214022 58.620278
0.354787 6.639587 0 -1.000000 -1.000000 38.664124 49.166491 60.824651
0.371000 6.943003 0 -1.000000 -1.000000 37.931076 47.178285 65.755508
0.364957 6.829903 0 -1.000000 -1.000000 38.632745 46.988268 58.313462
0.127191 2.380286 1024 -1.000000 -1.000000 40.049157 48.170209 60.410623
0.000000 0.000000 1600 -1.000000 -1.000000 1000000.000000 1000000.000000 1000000.000000
0.000000 0.000000 1600 -1.000000 -1.000000 1000000.000000 1000000.000000 1000000.000000
