rx_gbps tx_gbps re_tx rtt_50_us rtt_99_us rpc_50_us rpc_99_us rpc_999_us
0.011266 13.206480 0 -1.000000 -1.000000 1335.106419 2986.953945 3611.052231
0.008585 10.050308 0 -1.000000 -1.000000 1579.973231 3161.873628 3835.827189
0.008611 10.081258 0 -1.000000 -1.000000 1567.597011 3261.779421 4078.283955
0.008485 9.933814 0 -1.000000 -1.000000 1594.519801 3216.492339 3945.203199
0.008413 9.848905 0 -1.000000 -1.000000 1613.984956 3232.404747 3864.595211
0.008564 10.026560 0 -1.000000 -1.000000 1581.747862 3161.763804 3748.396111
0.008518 9.972159 0 -1.000000 -1.000000 1595.717415 3219.715613 3923.969514
0.008602 10.070131 0 -1.000000 -1.000000 1581.114190 3137.882118 3693.194282
0.008542 10.000484 0 -1.000000 -1.000000 1593.155706 3146.079762 3720.404708
0.008590 10.056082 0 -1.000000 -1.000000 1579.323870 3182.959137 4017.819247
0.008515 9.968491 0 -1.000000 -1.000000 1589.351058 3211.042933 3973.280893
0.008411 9.847334 0 -1.000000 -1.000000 1609.602420 3205.381721 3796.305043
0.008528 9.984226 0 -1.000000 -1.000000 1590.302002 3156.887927 4106.264027
0.008650 10.126191 0 -1.000000 -1.000000 1567.207395 3191.975238 3923.647012
0.008448 9.890012 0 -1.000000 -1.000000 1602.701756 3217.126883 3871.413071
0.008582 10.047586 0 -1.000000 -1.000000 1581.730430 3140.062927 3907.622165
0.008617 10.087552 0 -1.000000 -1.000000 1577.435928 3155.840232 3811.910638
0.008508 9.960620 0 -1.000000 -1.000000 1592.317201 3201.231908 3840.721370
0.008600 10.068139 0 -1.000000 -1.000000 1579.872123 3155.120269 3755.380451
0.008535 9.991567 0 -1.000000 -1.000000 1590.095426 3189.277555 3695.446564
0.008613 10.083125 0 -1.000000 -1.000000 1576.561687 3115.797726 3571.448153
0.008500 9.951182 0 -1.000000 -1.000000 1598.404639 3175.328050 3985.070509
0.008587 10.052932 0 -1.000000 -1.000000 1577.483867 3163.493982 3830.700284
0.008569 10.031428 0 -1.000000 -1.000000 1584.252916 3103.089416 3639.306865
0.008513 9.965755 0 -1.000000 -1.000000 1588.009625 3211.868363 3856.061119
0.008537 9.994709 0 -1.000000 -1.000000 1601.390830 3111.524143 3730.762242
0.008463 9.908146 0 -1.000000 -1.000000 1601.193842 3196.885980 3849.243259
0.003938 4.609757 856 -1.000000 -1.000000 1584.932784 3137.937902 3700.907302
0.000000 0.000000 1600 -1.000000 -1.000000 1000000.000000 1000000.000000 1000000.000000
0.000000 0.000000 1600 -1.000000 -1.000000 1000000.000000 1000000.000000 1000000.000000
