rx_gbps tx_gbps re_tx rtt_50_us rtt_99_us rpc_50_us rpc_99_us rpc_999_us
0.004826 22.660211 0 -1.000000 -1.000000 2876.660515 4703.699056 5712.691041
0.005087 23.813761 0 -1.000000 -1.000000 2738.805843 4734.538066 5547.443770
0.006025 28.207795 0 -1.000000 -1.000000 2208.200720 4660.327803 5589.864078
0.005980 27.997388 0 -1.000000 -1.000000 2239.354387 4563.637426 5450.640082
0.005926 27.741465 0 -1.000000 -1.000000 2247.089199 4744.005671 5475.211227
0.005976 27.976664 0 -1.000000 -1.000000 2228.713574 4689.503750 5522.345291
0.005985 28.019038 0 -1.000000 -1.000000 2222.499750 4661.818284 5554.526605
0.005961 27.905796 0 -1.000000 -1.000000 2221.059823 4749.343510 5643.599840
0.005977 27.980846 0 -1.000000 -1.000000 2237.404559 4664.786171 5586.911008
0.005997 28.073536 0 -1.000000 -1.000000 2229.797005 4628.802823 5365.290435
0.005976 27.975001 0 -1.000000 -1.000000 2224.725012 4686.125326 5754.110723
0.006019 28.176336 0 -1.000000 -1.000000 2215.839653 4620.864922 5351.352259
0.005944 27.827275 0 -1.000000 -1.000000 2242.694459 4755.183406 5429.449975
0.006037 28.261492 0 -1.000000 -1.000000 2211.141588 4664.377379 5584.923701
0.005959 27.898708 0 -1.000000 -1.000000 2227.631885 4765.136507 5568.089982
0.005950 27.855446 0 -1.000000 -1.000000 2243.113712 4712.343845 5594.245744
0.006050 28.323169 0 -1.000000 -1.000000 2201.638246 4611.775603 5343.078782
0.006007 28.121661 0 -1.000000 -1.000000 2231.735502 4647.452139 5394.653782
0.006029 28.226619 0 -1.000000 -1.000000 2206.827909 4649.639050 5369.487315
0.006002 28.098365 0 -1.000000 -1.000000 2217.093052 4673.100615 5618.524894
0.005983 28.010645 0 -1.000000 -1.000000 2224.230800 4721.563908 5549.632423
0.006053 28.335744 0 -1.000000 -1.000000 2205.452483 4642.785452 5441.311937
0.005932 27.771127 0 -1.000000 -1.000000 2249.148852 4741.217338 5502.318805
0.006002 28.098076 0 -1.000000 -1.000000 2215.443935 4669.825915 5496.226137
0.005927 27.745850 0 -1.000000 -1.000000 2242.973380 4735.246698 5494.244930
0.005903 27.633127 0 -1.000000 -1.000000 2258.408138 4760.475921 5681.692524
0.006004 28.107141 0 -1.000000 -1.000000 2217.781637 4655.580926 5510.147752
0.004675 21.886271 352 -1.000000 -1.000000 2211.756956 4684.165911 5540.938823
0.000000 0.000000 1600 -1.000000 -1.000000 1000000.000000 1000000.000000 1000000.000000
0.000000 0.000000 1600 -1.000000 -1.000000 1000000.000000 1000000.000000 1000000.000000
