rx_gbps tx_gbps re_tx rtt_50_us rtt_99_us rpc_50_us rpc_99_us rpc_999_us
0.158322 46.392409 0 -1.000000 -1.000000 86.100322 129.083803 204.921572
0.164794 48.284611 4 -1.000000 -1.000000 81.909532 156.990728 186.030771
0.164794 48.284702 4 -1.000000 -1.000000 81.550422 156.017119 201.707878
0.156340 45.807548 4 -1.000000 -1.000000 87.100079 134.575062 211.937309
0.164792 48.284080 4 -1.000000 -1.000000 81.581800 157.470996 196.598393
0.163824 48.000467 4 -1.000000 -1.000000 82.088216 157.749045 202.119287
0.162803 47.701327 3 -1.000000 -1.000000 82.744552 158.685174 180.073191
0.162905 47.731284 3 -1.000000 -1.000000 82.653031 158.711323 190.253810
0.159747 46.806007 4 -1.000000 -1.000000 85.492797 128.025646 185.173088
0.160623 47.062398 3 -1.000000 -1.000000 83.461903 161.780326 236.215645
0.161345 47.274155 4 -1.000000 -1.000000 83.581316 158.479470 206.698822
0.165847 48.593098 4 -1.000000 -1.000000 81.209615 156.490414 188.523628
0.158195 46.351073 4 -1.000000 -1.000000 86.175282 148.990923 176.699989
0.164683 48.251973 4 -1.000000 -1.000000 81.610564 157.554672 193.980021
0.165025 48.352362 3 -1.000000 -1.000000 81.526016 156.629003 197.719307
0.162815 47.704772 4 -1.000000 -1.000000 82.533618 158.991115 212.074155
0.165438 48.473194 4 -1.000000 -1.000000 81.434495 155.813158 188.073868
0.163376 47.869088 4 -1.000000 -1.000000 82.531004 158.170042 197.673982
0.164763 48.275536 4 -1.000000 -1.000000 81.879026 156.221952 187.227516
0.164022 48.058393 3 -1.000000 -1.000000 81.943526 157.446590 213.087858
0.165263 48.421916 4 -1.000000 -1.000000 81.403116 156.087721 189.666333
0.164708 48.259554 2 -1.000000 -1.000000 81.811038 156.080748 192.568855
0.166708 48.845576 4 -1.000000 -1.000000 80.749395 155.340736 189.546048
0.164614 48.231873 4 -1.000000 -1.000000 81.610564 156.789382 210.540960
0.162043 47.478667 4 -1.000000 -1.000000 83.282347 155.977025 208.640810
0.161389 47.286926 4 -1.000000 -1.000000 83.315469 160.141665 210.613305
0.129026 37.804716 323 -1.000000 -1.000000 83.063568 158.982399 184.239574
0.000000 0.000000 1600 -1.000000 -1.000000 1000000.000000 1000000.000000 1000000.000000
0.000000 0.000000 1600 -1.000000 -1.000000 1000000.000000 1000000.000000 1000000.000000
0.000000 0.000000 1600 -1.000000 -1.000000 1000000.000000 1000000.000000 1000000.000000
