rx_gbps tx_gbps re_tx rtt_50_us rtt_99_us rpc_50_us rpc_99_us rpc_999_us
0.000313 12.247824 3 -1.000000 -1.000000 42359.032370 81538.825927 83076.004198
0.000315 11.792162 0 -1.000000 -1.000000 42964.289086 81319.940654 82118.592717
0.000314 11.743188 0 -1.000000 -1.000000 42912.442836 81338.971806 83097.366087
0.000313 11.739304 0 -1.000000 -1.000000 42880.995326 81572.024541 83974.089979
0.000315 11.807318 0 -1.000000 -1.000000 42911.728100 80818.752981 83607.374647
0.000315 11.778044 0 -1.000000 -1.000000 42945.610943 81305.561387 81910.860812
0.000315 11.778040 0 -1.000000 -1.000000 42912.587527 81322.332405 82485.512882
0.000314 11.754907 0 -1.000000 -1.000000 42930.465514 81474.257377 82347.240237
0.000315 11.778037 0 -1.000000 -1.000000 42907.247055 81089.622221 84026.461820
0.000314 11.744486 0 -1.000000 -1.000000 42949.529788 81644.415962 82291.264209
0.000314 11.756875 0 -1.000000 -1.000000 42936.737758 81257.296662 82411.238741
0.000315 11.794817 0 -1.000000 -1.000000 42845.444185 81047.023957 81981.148120
0.000314 11.761146 0 -1.000000 -1.000000 42916.608352 81423.450982 83162.358248
0.000315 11.794820 0 -1.000000 -1.000000 42900.551199 80815.775496 82508.702577
0.000315 11.811594 0 -1.000000 -1.000000 42910.762335 80850.341696 81906.710985
0.000314 11.761265 0 -1.000000 -1.000000 42949.136683 81335.026812 82784.264668
0.000314 11.761259 0 -1.000000 -1.000000 42913.046875 81370.781043 82121.799441
0.000315 11.778041 0 -1.000000 -1.000000 42915.677452 81046.839172 82101.406804
0.000313 11.727703 0 -1.000000 -1.000000 42926.573689 81815.429615 82512.725146
0.000314 11.744482 0 -1.000000 -1.000000 42981.305903 81889.281015 83463.273418
0.000314 11.771610 0 -1.000000 -1.000000 42927.761720 81391.151890 83183.710549
0.000313 11.727705 0 -1.000000 -1.000000 42925.582647 81609.326785 82781.603584
0.000314 11.761257 0 -1.000000 -1.000000 42919.842968 81481.400379 82630.911967
0.000314 11.770876 0 -1.000000 -1.000000 42928.049358 81543.734071 83284.426433
0.000313 11.738717 0 -1.000000 -1.000000 42916.703360 81767.835173 82420.401307
0.000315 11.787806 0 -1.000000 -1.000000 42871.117152 81194.253464 82258.436037
0.000315 11.794819 0 -1.000000 -1.000000 42879.893586 81241.873183 82416.007424
0.000009 0.352335 1544 -1.000000 -1.000000 42450.926496 59528.695907 59528.695907
0.000000 0.000000 1600 -1.000000 -1.000000 1000000.000000 1000000.000000 1000000.000000
0.000000 0.000000 1600 -1.000000 -1.000000 1000000.000000 1000000.000000 1000000.000000
