rx_gbps tx_gbps re_tx rtt_50_us rtt_99_us rpc_50_us rpc_99_us rpc_999_us
0.013285 31.133462 0 -1.000000 -1.000000 1057.181517 1728.554803 2329.883122
0.014052 32.894961 0 -1.000000 -1.000000 1052.934730 1366.151842 3147.105478
0.013979 32.724018 0 -1.000000 -1.000000 1055.475655 1513.470551 3116.616126
0.014087 32.976758 0 -1.000000 -1.000000 1052.186835 1335.150819 3130.974311
0.014038 32.863516 0 -1.000000 -1.000000 1050.911579 1478.508649 3212.179296
0.013992 32.754926 0 -1.000000 -1.000000 1053.768049 1505.363128 3127.199970
0.013979 32.725046 0 -1.000000 -1.000000 1053.968533 1491.233321 3122.324708
0.013947 32.649341 0 -1.000000 -1.000000 1055.415509 1523.844322 3134.913398
0.014080 32.960628 0 -1.000000 -1.000000 1050.399036 1403.255442 3156.950144
0.014039 32.864424 0 -1.000000 -1.000000 1051.088528 1411.512793 3167.042365
0.014023 32.828892 0 -1.000000 -1.000000 1053.585869 1406.523341 3103.779009
0.013977 32.719807 0 -1.000000 -1.000000 1053.874393 1504.609131 3171.262130
0.014028 32.840416 0 -1.000000 -1.000000 1051.613275 1473.656050 3148.852309
0.014068 32.934191 0 -1.000000 -1.000000 1050.989158 1398.146571 3135.955918
0.013967 32.697745 0 -1.000000 -1.000000 1051.324752 1581.338079 3261.404371
0.014019 32.817359 0 -1.000000 -1.000000 1050.445234 1472.160260 3145.518162
0.014041 32.869280 0 -1.000000 -1.000000 1052.063058 1429.806578 3127.652368
0.014076 32.951371 0 -1.000000 -1.000000 1051.683881 1366.395038 3127.809269
0.014019 32.818179 0 -1.000000 -1.000000 1051.356132 1512.625029 3118.916469
0.014061 32.916391 0 -1.000000 -1.000000 1050.811337 1453.597129 3090.878260
0.014058 32.909669 0 -1.000000 -1.000000 1052.166787 1387.806795 3051.900565
0.014041 32.869813 0 -1.000000 -1.000000 1050.546348 1477.415572 3097.794108
0.013956 32.671565 0 -1.000000 -1.000000 1054.843692 1549.548193 3120.999766
0.013958 32.675775 0 -1.000000 -1.000000 1054.499382 1529.650531 3099.852126
0.014099 33.004863 0 -1.000000 -1.000000 1049.346056 1424.206084 3140.124255
0.013994 32.759565 0 -1.000000 -1.000000 1051.463347 1545.123585 3137.847447
0.014027 32.837857 0 -1.000000 -1.000000 1051.659474 1464.336131 3100.371642
0.012726 29.790409 136 -1.000000 -1.000000 1053.060251 1545.440002 3111.682461
0.000000 0.000000 1600 -1.000000 -1.000000 1000000.000000 1000000.000000 1000000.000000
0.000000 0.000000 1600 -1.000000 -1.000000 1000000.000000 1000000.000000 1000000.000000
