mrps lat_us_50 lat_us_90 lat_us_99
5.869692 10.687500 11.687500 13.525000
5.861710 10.700000 11.750000 13.575000
5.853985 10.700000 11.687500 13.525000
5.860781 10.687500 11.712500 13.550000
5.860995 10.700000 11.712500 13.600000
5.856184 10.700000 11.725000 13.500000
5.851380 10.712500 11.737500 13.575000
5.849729 10.712500 11.762500 13.550000
5.858237 10.700000 11.725000 13.575000
5.853529 10.712500 11.725000 13.500000
5.857451 10.687500 11.737500 13.525000
5.853614 10.700000 11.737500 13.600000
5.846385 10.712500 11.775000 13.800000
5.868621 10.687500 11.700000 13.525000
5.870601 10.687500 11.687500 13.525000
5.864516 10.700000 11.700000 13.450000
5.856161 10.700000 11.762500 13.500000
5.850573 10.725000 11.750000 13.675000
5.854993 10.700000 11.725000 13.375000
5.849218 10.712500 11.737500 13.500000
5.861298 10.687500 11.725000 13.400000
5.852745 10.700000 11.725000 13.475000
5.851354 10.725000 11.737500 13.475000
5.858210 10.687500 11.687500 13.275000
5.853874 10.712500 11.775000 13.550000
5.852791 10.700000 11.712500 13.550000
5.862720 10.687500 11.700000 13.350000
5.850631 10.712500 11.750000 13.550000
5.861112 10.687500 11.700000 13.425000
5.854028 10.700000 11.687500 13.475000
5.852945 10.712500 11.675000 13.550000
5.860753 10.700000 11.725000 13.525000
5.853350 10.712500 11.737500 13.475000
5.843597 10.737500 11.712500 13.525000
5.867023 10.687500 11.675000 13.425000
5.857822 10.700000 11.675000 13.300000
5.861175 10.700000 11.700000 13.525000
5.860799 10.700000 11.687500 13.500000
5.839518 10.725000 11.725000 13.425000
5.859285 10.712500 11.700000 13.450000
5.861428 10.700000 11.712500 13.400000
5.858986 10.700000 11.700000 13.425000
5.849246 10.700000 11.700000 13.425000
5.860474 10.712500 11.700000 13.475000
5.849968 10.712500 11.725000 13.500000
5.849650 10.712500 11.750000 13.550000
5.850778 10.700000 11.750000 13.600000
5.854595 10.712500 11.712500 13.525000
5.863771 10.700000 11.700000 13.400000
5.857360 10.700000 11.687500 13.475000
5.863737 10.700000 11.675000 13.450000
5.864277 10.700000 11.675000 13.475000
5.870848 10.687500 11.650000 13.350000
5.851432 10.725000 11.712500 13.550000
5.845761 10.712500 11.737500 13.575000
5.848173 10.700000 11.750000 13.450000
5.857386 10.687500 11.687500 13.425000
5.855344 10.700000 11.687500 13.425000
5.852451 10.700000 11.687500 13.375000
5.851522 10.700000 11.712500 13.425000
5.841637 10.712500 11.750000 13.575000
5.860713 10.712500 11.700000 13.500000
5.850422 10.700000 11.712500 13.400000
5.866559 10.712500 11.700000 13.425000
5.853093 10.725000 11.737500 13.425000
5.851633 10.712500 11.737500 13.475000
5.853936 10.700000 11.712500 13.425000
5.862507 10.700000 11.712500 13.375000
5.856586 10.725000 11.737500 13.475000
5.849502 10.725000 11.725000 13.525000
5.855897 10.687500 11.687500 13.400000
5.863539 10.700000 11.687500 13.300000
5.867257 10.687500 11.700000 13.362500
5.855615 10.712500 11.737500 13.350000
5.859737 10.700000 11.700000 13.450000
5.856426 10.700000 11.712500 13.650000
5.855313 10.700000 11.700000 13.500000
5.861651 10.712500 11.687500 13.425000
5.851115 10.700000 11.700000 13.550000
5.858469 10.700000 11.712500 13.400000
5.864166 10.687500 11.687500 13.350000
5.865354 10.700000 11.700000 13.325000
5.859782 10.700000 11.725000 13.375000
5.860107 10.700000 11.725000 13.625000
5.861198 10.700000 11.700000 13.450000
5.853116 10.700000 11.737500 13.500000
5.857271 10.700000 11.675000 13.475000
5.860036 10.700000 11.675000 13.475000
5.860039 10.712500 11.687500 13.450000
5.850370 10.712500 11.725000 13.475000
5.844259 10.712500 11.762500 13.525000
5.861380 10.700000 11.700000 13.500000
5.852887 10.700000 11.712500 13.550000
5.855706 10.712500 11.750000 13.500000
5.861923 10.700000 11.700000 13.450000
5.855924 10.712500 11.725000 13.550000
5.846551 10.725000 11.712500 13.400000
5.860934 10.700000 11.712500 13.575000
5.856987 10.712500 11.662500 13.325000
5.856820 10.712500 11.737500 13.500000
5.860344 10.712500 11.687500 13.575000
5.861148 10.712500 11.712500 13.450000
5.851850 10.687500 11.700000 13.500000
5.839587 10.725000 11.775000 13.600000
5.865483 10.700000 11.700000 13.450000
5.853540 10.712500 11.725000 13.525000
5.857953 10.700000 11.712500 13.325000
5.854603 10.712500 11.712500 13.375000
5.852084 10.712500 11.712500 13.575000
5.859491 10.700000 11.712500 13.400000
5.840837 10.725000 11.725000 13.500000
5.863541 10.700000 11.687500 13.325000
5.859267 10.700000 11.725000 13.475000
5.863789 10.700000 11.662500 13.500000
5.857745 10.700000 11.662500 13.475000
5.854677 10.725000 11.725000 13.500000
5.862915 10.700000 11.675000 13.325000
5.855671 10.700000 11.700000 13.525000
5.857999 10.700000 11.662500 13.400000
5.853295 10.700000 11.750000 13.500000
