rx_gbps tx_gbps re_tx rtt_50_us rtt_99_us rpc_50_us rpc_99_us rpc_999_us
0.152934 4.894160 0 -1.000000 -1.000000 52.781900 65.786490 92.719589
0.153298 4.905537 0 -1.000000 -1.000000 52.950995 66.593612 88.748482
0.152161 4.869156 0 -1.000000 -1.000000 53.280468 66.844639 93.142325
0.144009 4.608301 0 -1.000000 -1.000000 54.492893 69.164023 95.841736
0.120528 3.856886 0 -1.000000 -1.000000 73.670305 83.265112 111.284251
0.136794 4.377401 0 -1.000000 -1.000000 59.449803 69.340962 98.074830
0.139571 4.466269 0 -1.000000 -1.000000 59.191803 68.823219 90.993779
0.152361 4.875552 0 -1.000000 -1.000000 53.249089 67.805165 92.710873
0.151931 4.861795 0 -1.000000 -1.000000 53.437359 66.743530 90.313914
0.140221 4.487080 0 -1.000000 -1.000000 53.723251 79.731560 92.363967
0.110563 3.538025 0 -1.000000 -1.000000 73.521258 82.499829 106.697780
0.110784 3.545082 0 -1.000000 -1.000000 73.376569 82.165998 114.437777
0.113098 3.619140 0 -1.000000 -1.000000 74.020697 83.199741 114.104818
0.153521 4.912668 0 -1.000000 -1.000000 52.879522 67.629098 91.179434
0.140599 4.499184 0 -1.000000 -1.000000 59.201391 69.564969 104.762781
0.121061 3.873951 0 -1.000000 -1.000000 72.525866 81.265613 105.299699
0.110805 3.545757 0 -1.000000 -1.000000 73.438454 82.279309 112.869730
0.137761 4.408358 0 -1.000000 -1.000000 53.581177 79.674033 95.252520
0.153180 4.901776 0 -1.000000 -1.000000 53.031184 64.319552 92.413650
0.153441 4.910109 0 -1.000000 -1.000000 52.948380 64.703065 90.988549
0.153149 4.900783 0 -1.000000 -1.000000 53.042515 63.569086 92.204461
0.152813 4.890018 0 -1.000000 -1.000000 53.185461 62.814262 90.420252
0.153006 4.896184 0 -1.000000 -1.000000 53.078252 64.000538 91.458353
0.153357 4.907417 0 -1.000000 -1.000000 52.964941 64.754491 91.257880
0.115206 3.686597 392 -1.000000 -1.000000 52.998062 66.453281 90.623340
0.000000 0.000000 1600 -1.000000 -1.000000 1000000.000000 1000000.000000 1000000.000000
0.000000 0.000000 1600 -1.000000 -1.000000 1000000.000000 1000000.000000 1000000.000000
0.000000 0.000000 1600 -1.000000 -1.000000 1000000.000000 1000000.000000 1000000.000000
0.000000 0.000000 1600 -1.000000 -1.000000 1000000.000000 1000000.000000 1000000.000000
0.000000 0.000000 1600 -1.000000 -1.000000 1000000.000000 1000000.000000 1000000.000000
