rx_gbps tx_gbps re_tx rtt_50_us rtt_99_us rpc_50_us rpc_99_us rpc_999_us
0.067183 34.402105 0 -1.000000 -1.000000 119.553439 170.983008 330.306242
0.058807 30.109216 16 -1.000000 -1.000000 136.543222 201.498723 303.787816
0.065524 33.548483 16 -1.000000 -1.000000 123.203819 153.068427 248.772367
0.063936 32.735409 16 -1.000000 -1.000000 126.098498 161.930275 283.677603
0.065516 33.544232 16 -1.000000 -1.000000 124.433687 146.830182 203.878269
0.062705 32.105183 16 -1.000000 -1.000000 129.068136 172.225079 318.776340
0.064638 33.094401 16 -1.000000 -1.000000 125.245173 164.578282 301.080538
0.065954 33.768503 16 -1.000000 -1.000000 122.589321 156.363183 213.505406
0.064176 32.858339 16 -1.000000 -1.000000 126.115059 166.338100 264.262949
0.063945 32.739882 16 -1.000000 -1.000000 126.085423 176.625060 309.794208
0.062939 32.224525 16 -1.000000 -1.000000 128.859817 169.066297 254.263627
0.064969 33.263873 16 -1.000000 -1.000000 124.483370 174.143533 313.083734
0.060750 31.103801 16 -1.000000 -1.000000 133.871681 160.986301 254.427493
0.063558 32.541831 16 -1.000000 -1.000000 126.879477 165.651257 294.447445
0.046472 23.793876 16 -1.000000 -1.000000 165.476059 286.458098 554.347021
0.062335 31.915312 16 -1.000000 -1.000000 129.720986 174.091236 242.595136
0.067303 34.459361 16 -1.000000 -1.000000 120.008429 157.056128 239.311711
0.065158 33.360913 16 -1.000000 -1.000000 124.002231 166.661474 239.357036
0.063539 32.532196 16 -1.000000 -1.000000 126.807132 186.469232 304.092886
0.062682 32.093054 16 -1.000000 -1.000000 128.084068 184.923835 277.225808
0.064695 33.123762 16 -1.000000 -1.000000 124.843353 170.444342 240.817885
0.062972 32.241915 16 -1.000000 -1.000000 128.553004 170.746797 275.847764
0.065252 33.409069 16 -1.000000 -1.000000 124.383133 159.752075 250.357859
0.065430 33.499987 16 -1.000000 -1.000000 123.893278 154.333160 245.421827
0.065676 33.626154 16 -1.000000 -1.000000 123.817446 153.809312 219.879625
0.062052 31.770836 16 -1.000000 -1.000000 131.365749 162.505549 231.414757
0.064944 33.251074 80 -1.000000 -1.000000 122.940588 159.886306 249.027754
0.000000 0.000000 6400 -1.000000 -1.000000 1000000.000000 1000000.000000 1000000.000000
0.000000 0.000000 6400 -1.000000 -1.000000 1000000.000000 1000000.000000 1000000.000000
0.000000 0.000000 6400 -1.000000 -1.000000 1000000.000000 1000000.000000 1000000.000000
