rx_gbps tx_gbps re_tx rtt_50_us rtt_99_us rpc_50_us rpc_99_us rpc_999_us
0.107298 13.735256 0 -1.000000 -1.000000 73.655019 108.816415 124.583260
0.111171 14.229896 4 -1.000000 -1.000000 70.292286 136.351955 145.879700
0.109722 14.044461 3 -1.000000 -1.000000 71.208365 136.667484 144.791910
0.108400 13.875211 4 -1.000000 -1.000000 72.738940 109.955631 118.066983
0.108171 13.845849 3 -1.000000 -1.000000 72.868812 110.107294 119.351760
0.110389 14.129791 4 -1.000000 -1.000000 70.390779 137.200047 147.305680
0.109107 13.965685 4 -1.000000 -1.000000 72.612554 107.918641 120.783842
0.109223 13.980500 3 -1.000000 -1.000000 72.535851 107.310246 118.210801
0.109938 14.072061 4 -1.000000 -1.000000 72.162795 107.550814 118.072213
0.112473 14.396550 4 -1.000000 -1.000000 68.055693 135.896966 148.723816
0.108960 13.946927 4 -1.000000 -1.000000 71.817631 141.073554 149.016682
0.108557 13.895302 2 -1.000000 -1.000000 72.487912 141.379494 149.609388
0.115822 14.825216 3 -1.000000 -1.000000 66.376941 130.186072 141.759523
0.110313 14.120056 4 -1.000000 -1.000000 70.144109 138.374128 150.357243
0.114596 14.668265 4 -1.000000 -1.000000 66.804038 133.453798 145.224237
0.114945 14.712958 4 -1.000000 -1.000000 66.631456 131.657377 146.162978
0.113449 14.521470 4 -1.000000 -1.000000 67.876138 133.660374 143.473140
0.108997 13.951652 4 -1.000000 -1.000000 72.724122 107.607470 119.758809
0.115920 14.837743 4 -1.000000 -1.000000 65.998656 131.048110 148.469301
0.114772 14.690812 4 -1.000000 -1.000000 66.702058 132.405232 148.057893
0.113693 14.552662 4 -1.000000 -1.000000 67.455143 135.754891 147.617722
0.114934 14.711499 4 -1.000000 -1.000000 66.539064 132.154204 144.447618
0.109724 14.044630 4 -1.000000 -1.000000 72.137518 106.655654 123.383031
0.109496 14.015458 4 -1.000000 -1.000000 72.100910 106.164929 122.283038
0.107893 13.810331 4 -1.000000 -1.000000 72.360654 138.702731 147.637770
0.108958 13.946587 3 -1.000000 -1.000000 71.621515 140.668247 150.206452
0.011088 1.419314 1436 -1.000000 -1.000000 73.640201 110.550080 155.865048
0.000000 0.000000 1600 -1.000000 -1.000000 1000000.000000 1000000.000000 1000000.000000
0.000000 0.000000 1600 -1.000000 -1.000000 1000000.000000 1000000.000000 1000000.000000
0.000000 0.000000 1600 -1.000000 -1.000000 1000000.000000 1000000.000000 1000000.000000
