rx_gbps tx_gbps re_tx rtt_50_us rtt_99_us rpc_50_us rpc_99_us rpc_999_us
0.136567 8.740829 0 -1.000000 -1.000000 57.447293 75.103872 106.071962
0.141543 9.058749 0 -1.000000 -1.000000 57.326137 72.625832 99.353449
0.141642 9.065069 0 -1.000000 -1.000000 57.298245 72.529081 98.684910
0.141767 9.073064 0 -1.000000 -1.000000 57.278197 69.241299 94.872407
0.141618 9.063569 0 -1.000000 -1.000000 57.212825 75.246819 102.574988
0.141877 9.080158 0 -1.000000 -1.000000 57.233744 71.810860 96.629610
0.141254 9.040244 0 -1.000000 -1.000000 57.437705 68.777592 108.508164
0.141696 9.068559 0 -1.000000 -1.000000 57.301731 69.604768 97.207500
0.141864 9.079289 0 -1.000000 -1.000000 57.257278 67.486710 97.827228
0.140377 8.984103 0 -1.000000 -1.000000 57.352286 74.039614 101.729509
0.141519 9.057244 0 -1.000000 -1.000000 57.312191 73.140965 97.638084
0.140864 9.015297 0 -1.000000 -1.000000 57.327008 79.955357 99.865095
0.141954 9.085041 0 -1.000000 -1.000000 57.195392 69.825290 98.514943
0.141715 9.069755 0 -1.000000 -1.000000 57.273839 71.124888 99.838946
0.141389 9.048913 0 -1.000000 -1.000000 57.337468 74.311562 103.112783
0.139838 8.949622 0 -1.000000 -1.000000 57.392380 79.494265 102.276891
0.141747 9.071810 0 -1.000000 -1.000000 57.283427 67.641860 96.934680
0.141303 9.043413 0 -1.000000 -1.000000 57.386279 73.306574 100.807326
0.141876 9.080082 0 -1.000000 -1.000000 57.215440 69.567288 94.935164
0.141206 9.037182 0 -1.000000 -1.000000 57.334853 76.399112 105.903738
0.141669 9.066821 0 -1.000000 -1.000000 57.293015 68.336548 99.051866
0.141830 9.077096 0 -1.000000 -1.000000 57.191034 73.591597 97.854248
0.141488 9.055210 0 -1.000000 -1.000000 57.354900 69.991771 100.048137
0.141359 9.046951 0 -1.000000 -1.000000 57.367103 73.563705 102.779821
0.141604 9.062637 0 -1.000000 -1.000000 57.304346 71.972982 98.442598
0.137488 8.799204 0 -1.000000 -1.000000 57.432475 81.483321 112.772171
0.077210 4.941425 664 -1.000000 -1.000000 63.774445 74.899039 100.144016
0.000000 0.000000 1600 -1.000000 -1.000000 1000000.000000 1000000.000000 1000000.000000
0.000000 0.000000 1600 -1.000000 -1.000000 1000000.000000 1000000.000000 1000000.000000
0.000000 0.000000 1600 -1.000000 -1.000000 1000000.000000 1000000.000000 1000000.000000
