rx_gbps tx_gbps re_tx rtt_50_us rtt_99_us rpc_50_us rpc_99_us rpc_999_us
0.068759 17.604294 0 -1.000000 -1.000000 110.238517 220.833527 245.764559
0.064542 16.522678 3 -1.000000 -1.000000 116.483695 233.099877 243.751110
0.065955 16.884425 4 -1.000000 -1.000000 115.884019 228.642397 243.873137
0.069690 17.840715 2 -1.000000 -1.000000 111.736836 220.343675 237.369087
0.063695 16.306023 4 -1.000000 -1.000000 117.683920 228.472431 240.063273
0.064899 16.614049 3 -1.000000 -1.000000 119.822011 223.381281 238.130885
0.064868 16.606090 2 -1.000000 -1.000000 115.943289 231.405442 242.862055
0.065494 16.766359 4 -1.000000 -1.000000 115.069923 231.310435 244.519010
0.066844 17.111963 4 -1.000000 -1.000000 113.663995 223.310679 237.333350
0.066288 16.969763 5 -1.000000 -1.000000 116.502871 228.245809 244.082327
0.068029 17.415441 5 -1.000000 -1.000000 112.070668 220.165864 235.924807
0.068871 17.630997 5 -1.000000 -1.000000 110.295172 216.671527 233.665560
0.070138 17.955267 5 -1.000000 -1.000000 106.018990 207.035735 230.344677
0.064610 16.540103 3 -1.000000 -1.000000 116.719905 232.297984 245.629458
0.067438 17.264154 5 -1.000000 -1.000000 114.198300 224.092525 239.466211
0.070292 17.994703 5 -1.000000 -1.000000 109.653658 213.356745 229.567189
0.069931 17.902237 4 -1.000000 -1.000000 107.982756 215.829539 233.941865
0.067322 17.234378 5 -1.000000 -1.000000 113.816529 225.766913 240.388389
0.067941 17.392995 4 -1.000000 -1.000000 109.593516 215.501809 229.971622
0.068424 17.516643 3 -1.000000 -1.000000 109.489792 219.225383 238.051567
0.066072 16.914431 4 -1.000000 -1.000000 114.125083 225.956055 238.738406
0.065347 16.728742 4 -1.000000 -1.000000 116.201289 233.904385 249.477673
0.066728 17.082353 4 -1.000000 -1.000000 115.155342 219.249788 234.771650
0.068905 17.639595 3 -1.000000 -1.000000 112.528270 218.852328 240.646389
0.065263 16.707230 4 -1.000000 -1.000000 114.587044 227.027280 240.930538
0.068427 17.517192 4 -1.000000 -1.000000 109.620536 213.850084 229.933271
0.067653 17.319267 3 -1.000000 -1.000000 113.243001 216.634919 235.991922
0.012583 3.221157 1292 -1.000000 -1.000000 117.314352 226.474671 257.464354
0.000000 0.000000 1600 -1.000000 -1.000000 1000000.000000 1000000.000000 1000000.000000
0.000000 0.000000 1600 -1.000000 -1.000000 1000000.000000 1000000.000000 1000000.000000
