mrps lat_us_50 lat_us_90 lat_us_99 range_us_99
5.658638 22.150000 25.775000 30.325000 3968.000000
5.673029 22.075000 25.750000 30.150000 3968.000000
5.669667 22.150000 25.750000 30.100000 3968.000000
5.667037 22.150000 25.750000 30.175000 3968.000000
5.639204 22.425000 25.750000 30.250000 3968.000000
5.659649 22.225000 25.700000 30.225000 3968.000000
5.665259 22.125000 25.725000 30.025000 3968.000000
5.657107 22.350000 25.725000 29.950000 3968.000000
5.651614 22.300000 25.750000 30.150000 3968.000000
5.649914 22.250000 25.750000 30.450000 3968.000000
5.665103 22.050000 25.750000 30.225000 3968.000000
5.672201 22.125000 25.725000 30.250000 3968.000000
5.674722 22.100000 25.775000 30.225000 3968.000000
5.695454 21.925000 25.700000 30.050000 3968.000000
5.647580 22.350000 25.775000 30.025000 3968.000000
5.666734 22.150000 25.750000 30.200000 3968.000000
5.664495 22.150000 25.725000 30.150000 3968.000000
5.668629 22.150000 25.725000 30.075000 3968.000000
5.647085 22.275000 25.800000 29.975000 3968.000000
5.674898 22.075000 25.800000 30.250000 3968.000000
5.684210 22.050000 25.775000 30.150000 3968.000000
5.689423 22.050000 25.700000 30.075000 3968.000000
5.694033 22.000000 25.700000 29.950000 3968.000000
5.688540 22.025000 25.725000 30.350000 3968.000000
5.644981 22.250000 25.925000 30.500000 3968.000000
5.701335 21.825000 25.725000 30.400000 3968.000000
5.658692 22.225000 25.750000 30.050000 3968.000000
5.674004 22.100000 25.775000 30.225000 3968.000000
5.667504 22.175000 25.825000 30.350000 3968.000000
5.675206 22.100000 25.750000 30.100000 3968.000000
5.668913 22.000000 25.850000 30.575000 3968.000000
5.685891 21.950000 25.775000 30.300000 3968.000000
5.703998 21.850000 25.725000 30.125000 3968.000000
5.707309 21.900000 25.725000 30.025000 3968.000000
5.683118 22.000000 25.725000 30.100000 3968.000000
5.649159 22.250000 25.800000 30.450000 3968.000000
5.688035 21.975000 25.725000 30.250000 3968.000000
5.666340 22.150000 25.775000 30.025000 3968.000000
5.689081 22.000000 25.700000 30.075000 3968.000000
5.659060 22.175000 25.800000 30.225000 3968.000000
5.673323 22.025000 25.750000 30.300000 3968.000000
5.663039 22.100000 25.775000 30.475000 3968.000000
5.661300 22.300000 25.725000 30.100000 3968.000000
5.677632 22.075000 25.700000 30.050000 3968.000000
5.648318 22.375000 25.750000 30.125000 3968.000000
5.690472 21.900000 25.650000 30.100000 3968.000000
5.681905 22.025000 25.725000 30.050000 3968.000000
5.666646 22.150000 25.775000 30.075000 3968.000000
5.680031 22.000000 25.700000 30.225000 3968.000000
5.635578 22.325000 25.775000 30.125000 3968.000000
5.648188 22.225000 25.850000 30.250000 3968.000000
5.655517 22.225000 25.775000 30.375000 3968.000000
5.679444 22.025000 25.750000 30.125000 3968.000000
5.661963 22.225000 25.700000 30.050000 3968.000000
5.673294 22.175000 25.750000 30.050000 3968.000000
5.683060 22.050000 25.700000 29.925000 3968.000000
5.639802 22.275000 25.775000 30.200000 3968.000000
5.640576 22.350000 25.800000 30.025000 3968.000000
5.656349 22.325000 25.725000 29.925000 3968.000000
5.645748 22.350000 25.725000 30.225000 3968.000000
5.683737 22.025000 25.750000 30.325000 3968.000000
5.662600 22.150000 25.800000 30.225000 3968.000000
5.670137 22.050000 25.800000 30.300000 3968.000000
5.637584 22.375000 25.825000 30.150000 3968.000000
5.627268 22.400000 25.825000 30.200000 3968.000000
5.644045 22.275000 25.750000 30.100000 3968.000000
5.657725 22.200000 25.700000 30.050000 3968.000000
5.643777 22.350000 25.725000 30.000000 3968.000000
5.653187 22.200000 25.750000 30.050000 3968.000000
5.643428 22.275000 25.775000 29.950000 3968.000000
5.677520 22.000000 25.850000 29.975000 3968.000000
5.699493 21.900000 25.750000 30.425000 3968.000000
5.711120 21.800000 25.725000 30.150000 3968.000000
5.721379 21.800000 25.650000 30.150000 3968.000000
5.676062 22.125000 25.700000 30.000000 3968.000000
5.679939 22.050000 25.675000 30.025000 3968.000000
5.669759 22.175000 25.700000 30.175000 3968.000000
5.659017 22.325000 25.725000 30.050000 3968.000000
5.658208 22.250000 25.775000 30.025000 3968.000000
5.664659 22.200000 25.750000 29.975000 3968.000000
5.653101 22.300000 25.800000 30.075000 3968.000000
5.653428 22.250000 25.800000 30.325000 3968.000000
5.686551 22.025000 25.775000 30.025000 3968.000000
5.682203 21.950000 25.775000 30.425000 3968.000000
5.655033 22.250000 25.800000 30.000000 3968.000000
5.666665 22.250000 25.725000 30.175000 3968.000000
5.659282 22.125000 25.775000 30.550000 3968.000000
5.612507 22.550000 25.825000 30.650000 3968.000000
5.631498 22.425000 25.825000 30.000000 3968.000000
5.643632 22.300000 25.725000 30.150000 3968.000000
5.645149 22.375000 25.725000 30.000000 3968.000000
5.658143 22.275000 25.725000 30.300000 3968.000000
5.692415 21.950000 25.675000 30.125000 3968.000000
5.660988 22.300000 25.750000 30.100000 3968.000000
5.669617 22.050000 25.775000 30.225000 3968.000000
5.646875 22.325000 25.775000 30.075000 3968.000000
5.665699 22.150000 25.750000 30.100000 3968.000000
5.651606 22.275000 25.800000 30.100000 3968.000000
5.651033 22.350000 25.750000 29.975000 3968.000000
5.660464 22.225000 25.775000 29.950000 3968.000000
5.644430 22.275000 25.800000 30.100000 3968.000000
5.663365 22.125000 25.800000 30.150000 3968.000000
5.645747 22.275000 25.825000 30.450000 3968.000000
5.662539 22.175000 25.725000 29.900000 3968.000000
5.665392 22.050000 25.850000 30.300000 3968.000000
5.678301 22.075000 25.750000 30.175000 3968.000000
5.669555 22.025000 25.775000 30.025000 3968.000000
5.625168 22.475000 25.800000 30.075000 3968.000000
5.657034 22.250000 25.750000 30.000000 3968.000000
5.661300 22.225000 25.725000 30.025000 3968.000000
5.674774 22.125000 25.750000 30.050000 3968.000000
5.661747 22.250000 25.775000 30.125000 3968.000000
5.675157 22.050000 25.700000 30.300000 3968.000000
5.676773 22.100000 25.775000 30.200000 3968.000000
5.653971 22.175000 25.800000 30.325000 3968.000000
5.664455 22.125000 25.800000 30.250000 3968.000000
5.673163 22.100000 25.775000 30.100000 3968.000000
5.651450 22.175000 25.775000 30.350000 3968.000000
5.665775 22.225000 25.750000 30.000000 3968.000000
5.682476 22.050000 25.725000 30.100000 3968.000000
