mrps lat_us_50 lat_us_90 lat_us_99 range_us_99
3.285373 37.050000 48.450000 60.450000 3968.000000
3.297701 36.925000 48.200000 60.300000 3968.000000
3.282122 37.025000 48.650000 61.050000 3968.000000
3.296094 36.900000 48.300000 60.500000 3968.000000
3.276551 37.150000 48.600000 60.800000 3968.000000
3.290312 36.975000 48.350000 60.700000 3968.000000
3.272715 37.200000 48.750000 60.700000 3968.000000
3.314713 36.775000 47.800000 59.350000 3968.000000
3.310580 36.800000 47.950000 59.450000 3968.000000
3.316598 36.725000 47.800000 59.350000 3968.000000
3.294075 37.000000 48.250000 59.750000 3968.000000
3.310444 36.775000 47.900000 59.350000 3968.000000
3.297593 36.975000 48.050000 59.700000 3968.000000
3.303827 36.825000 47.900000 59.550000 3968.000000
3.297485 36.975000 48.150000 59.500000 3968.000000
3.299366 36.900000 48.150000 59.750000 3968.000000
3.305230 36.875000 48.000000 59.550000 3968.000000
3.279455 37.175000 48.450000 60.350000 3968.000000
3.302404 36.900000 48.050000 59.600000 3968.000000
3.299013 36.975000 48.200000 59.800000 3968.000000
3.302430 36.925000 48.050000 59.350000 3968.000000
3.297320 36.925000 48.100000 59.650000 3968.000000
3.297693 36.975000 48.150000 59.700000 3968.000000
3.295384 36.975000 48.200000 59.700000 3968.000000
3.301643 36.900000 48.000000 59.600000 3968.000000
3.295960 36.925000 48.150000 60.050000 3968.000000
3.305615 36.900000 47.950000 59.600000 3968.000000
3.290518 37.025000 48.300000 60.050000 3968.000000
3.289322 37.100000 48.150000 59.750000 3968.000000
3.287060 37.075000 48.250000 59.850000 3968.000000
3.315233 36.775000 47.800000 59.100000 3968.000000
3.303535 36.925000 48.100000 59.350000 3968.000000
3.326070 36.650000 47.600000 58.700000 3968.000000
3.316187 36.725000 47.750000 59.300000 3968.000000
3.320717 36.725000 47.700000 58.950000 3968.000000
3.307183 36.800000 47.950000 59.550000 3968.000000
3.307897 36.850000 47.900000 59.500000 3968.000000
3.308922 36.800000 47.850000 59.400000 3968.000000
3.307670 36.850000 47.950000 59.400000 3968.000000
3.310199 36.825000 47.850000 59.200000 3968.000000
3.314109 36.775000 47.800000 59.150000 3968.000000
3.311601 36.850000 47.800000 59.200000 3968.000000
3.307576 36.850000 47.850000 59.400000 3968.000000
3.302872 36.925000 48.000000 59.400000 3968.000000
3.291405 37.000000 48.100000 59.850000 3968.000000
3.305741 36.875000 47.900000 59.450000 3968.000000
3.296522 36.975000 48.100000 59.400000 3968.000000
3.310065 36.825000 47.900000 59.300000 3968.000000
3.310491 36.900000 47.950000 59.000000 3968.000000
3.305791 36.875000 47.900000 59.350000 3968.000000
3.312961 36.800000 47.900000 59.150000 3968.000000
3.308100 36.875000 47.850000 59.200000 3968.000000
3.311844 36.800000 47.950000 59.250000 3968.000000
3.307506 36.850000 48.000000 59.350000 3968.000000
3.302530 36.950000 48.000000 59.050000 3968.000000
3.301997 36.900000 48.050000 59.650000 3968.000000
3.322123 36.725000 47.600000 59.000000 3968.000000
3.321785 36.750000 47.550000 58.750000 3968.000000
3.317700 36.825000 47.600000 58.750000 3968.000000
3.319005 36.775000 47.700000 58.600000 3968.000000
3.316561 36.775000 47.700000 58.800000 3968.000000
3.312482 36.900000 47.750000 58.750000 3968.000000
3.326809 36.700000 47.550000 58.400000 3968.000000
3.328087 36.650000 47.550000 58.600000 3968.000000
3.306127 36.925000 47.850000 59.200000 3968.000000
3.319411 36.700000 47.600000 59.150000 3968.000000
3.317967 36.800000 47.650000 58.700000 3968.000000
3.319948 36.725000 47.600000 58.950000 3968.000000
3.317209 36.825000 47.700000 58.600000 3968.000000
3.312329 36.850000 47.750000 58.850000 3968.000000
3.314555 36.825000 47.750000 58.900000 3968.000000
3.322141 36.725000 47.600000 58.600000 3968.000000
3.315488 36.875000 47.650000 58.850000 3968.000000
3.329031 36.675000 47.500000 58.750000 3968.000000
3.306456 36.925000 47.800000 59.000000 3968.000000
3.310952 36.850000 47.750000 58.900000 3968.000000
3.297604 36.925000 48.000000 59.950000 3968.000000
3.311028 36.850000 47.750000 59.300000 3968.000000
3.314751 36.825000 47.700000 58.950000 3968.000000
3.306359 36.900000 47.900000 59.000000 3968.000000
3.316828 36.775000 47.750000 58.650000 3968.000000
3.295646 37.025000 48.050000 59.450000 3968.000000
3.322171 36.750000 47.600000 58.450000 3968.000000
3.310023 36.850000 47.750000 59.000000 3968.000000
3.328878 36.650000 47.500000 58.450000 3968.000000
3.320142 36.750000 47.500000 59.000000 3968.000000
3.319358 36.700000 47.650000 59.100000 3968.000000
3.314176 36.875000 47.700000 59.100000 3968.000000
3.307974 36.900000 47.900000 59.100000 3968.000000
3.323165 36.700000 47.550000 58.950000 3968.000000
3.317035 36.775000 47.650000 58.750000 3968.000000
3.320585 36.725000 47.600000 58.600000 3968.000000
3.323391 36.750000 47.600000 58.550000 3968.000000
3.336411 36.600000 47.350000 58.350000 3968.000000
3.319213 36.775000 47.700000 58.900000 3968.000000
3.326594 36.700000 47.550000 58.650000 3968.000000
3.320516 36.725000 47.700000 58.800000 3968.000000
3.322823 36.700000 47.550000 58.750000 3968.000000
3.322423 36.700000 47.650000 58.700000 3968.000000
3.326025 36.625000 47.600000 58.550000 3968.000000
3.317810 36.750000 47.700000 58.700000 3968.000000
3.313599 36.750000 47.650000 59.200000 3968.000000
3.329258 36.650000 47.450000 58.400000 3968.000000
3.324573 36.700000 47.550000 58.550000 3968.000000
3.329854 36.625000 47.400000 58.450000 3968.000000
3.330777 36.650000 47.450000 58.600000 3968.000000
3.343786 36.525000 47.200000 58.050000 3968.000000
3.317103 36.800000 47.700000 58.850000 3968.000000
3.342085 36.500000 47.250000 58.050000 3968.000000
3.318955 36.775000 47.750000 58.900000 3968.000000
3.323480 36.750000 47.500000 58.600000 3968.000000
3.256547 37.475000 48.800000 60.350000 3968.000000
3.289845 37.100000 48.100000 59.350000 3968.000000
3.318261 36.750000 47.750000 58.900000 3968.000000
3.336426 36.600000 47.300000 58.400000 3968.000000
3.319695 36.775000 47.650000 58.700000 3968.000000
3.324232 36.725000 47.550000 58.550000 3968.000000
3.331560 36.625000 47.450000 58.750000 3968.000000
3.327261 36.675000 47.350000 58.750000 3968.000000
3.333633 36.625000 47.450000 58.550000 3968.000000
