mrps lat_us_50 lat_us_90 lat_us_99 range_us_99
0.429268 126.800000 131.800000 150.000000 3472.000000
0.491601 145.000000 149.000000 171.800000 3968.000000
0.491383 145.100000 148.800000 171.200000 3968.000000
0.491753 145.000000 148.700000 171.200000 3968.000000
0.492001 144.900000 148.600000 171.100000 3968.000000
0.492443 144.800000 148.500000 170.800000 3968.000000
0.492179 144.900000 148.700000 171.000000 3968.000000
0.491905 144.900000 148.600000 171.600000 3968.000000
0.491721 145.000000 148.900000 171.500000 3968.000000
0.491915 144.900000 148.700000 171.800000 3968.000000
0.492293 144.900000 148.500000 170.900000 3968.000000
0.492001 144.900000 148.800000 170.900000 3968.000000
0.491535 145.100000 148.800000 170.900000 3968.000000
0.491329 145.100000 148.900000 171.400000 3968.000000
0.491395 145.000000 149.000000 171.000000 3968.000000
0.492067 144.900000 148.600000 170.900000 3968.000000
0.492207 144.900000 148.500000 171.000000 3968.000000
0.491495 145.100000 148.900000 171.000000 3968.000000
0.491605 145.100000 148.900000 170.800000 3968.000000
0.492109 144.900000 148.600000 170.700000 3968.000000
0.492255 144.900000 148.500000 171.400000 3968.000000
0.492167 144.900000 148.500000 171.300000 3968.000000
0.492059 144.900000 148.500000 171.400000 3968.000000
0.491753 145.100000 148.600000 171.200000 3968.000000
0.492053 144.900000 148.700000 171.000000 3968.000000
0.492175 144.900000 148.500000 170.900000 3968.000000
0.492273 144.900000 148.600000 170.700000 3968.000000
0.491895 145.000000 148.500000 171.300000 3968.000000
0.492059 145.100000 148.700000 170.900000 3968.000000
0.492017 144.900000 148.700000 171.000000 3968.000000
0.492239 144.900000 148.500000 170.700000 3968.000000
0.492105 145.000000 148.500000 170.900000 3968.000000
0.492059 145.000000 148.600000 170.500000 3968.000000
0.492127 145.000000 148.600000 170.500000 3968.000000
0.491521 145.100000 148.900000 171.200000 3968.000000
0.492035 144.900000 148.600000 171.300000 3968.000000
0.491981 145.000000 148.700000 171.100000 3968.000000
0.491871 145.100000 148.600000 171.700000 3968.000000
0.492255 144.900000 148.500000 170.500000 3968.000000
0.491649 145.100000 148.900000 170.700000 3968.000000
0.492113 144.900000 148.600000 170.200000 3968.000000
0.491543 145.100000 148.800000 170.900000 3968.000000
0.491945 145.000000 148.600000 170.600000 3968.000000
0.491495 145.100000 148.900000 171.100000 3968.000000
0.491427 145.100000 149.000000 170.900000 3968.000000
0.491559 145.100000 148.900000 171.100000 3968.000000
0.491881 145.100000 148.800000 170.600000 3968.000000
0.491937 145.000000 148.600000 170.700000 3968.000000
0.492105 145.000000 148.500000 171.400000 3968.000000
0.491711 145.100000 148.900000 171.200000 3968.000000
0.492099 144.900000 148.600000 170.900000 3968.000000
0.492187 144.900000 148.500000 171.100000 3968.000000
0.491949 144.900000 148.600000 171.000000 3968.000000
0.491897 145.000000 148.700000 171.100000 3968.000000
0.492187 144.900000 148.500000 170.800000 3968.000000
0.491343 145.100000 148.800000 171.300000 3968.000000
0.491759 145.100000 148.800000 171.000000 3968.000000
0.492183 145.000000 148.500000 170.700000 3968.000000
0.491697 145.100000 148.800000 171.200000 3968.000000
0.492125 144.900000 148.600000 171.200000 3968.000000
0.492097 145.000000 148.700000 170.700000 3968.000000
0.492319 144.900000 148.500000 171.200000 3968.000000
0.492197 144.900000 148.600000 170.800000 3968.000000
0.492205 144.900000 148.600000 170.900000 3968.000000
0.492091 144.900000 148.500000 171.000000 3968.000000
0.492027 145.000000 148.700000 171.100000 3968.000000
0.491577 145.100000 148.900000 171.400000 3968.000000
0.492075 144.900000 148.500000 171.400000 3968.000000
0.491537 145.100000 148.900000 171.500000 3968.000000
0.492229 144.900000 148.500000 170.800000 3968.000000
0.491857 145.000000 149.000000 170.800000 3968.000000
0.492302 144.900000 148.500000 170.800000 3968.000000
0.492263 144.900000 148.500000 170.600000 3968.000000
0.492229 144.900000 148.500000 171.400000 3968.000000
0.492079 145.000000 148.700000 170.800000 3968.000000
0.492429 144.900000 148.500000 171.000000 3968.000000
0.491071 145.100000 148.900000 171.200000 3968.000000
0.492087 144.900000 148.600000 170.800000 3968.000000
0.491951 145.000000 148.600000 171.400000 3968.000000
0.492093 144.900000 148.500000 171.500000 3968.000000
0.491637 145.100000 148.800000 171.500000 3968.000000
0.492131 144.900000 148.500000 170.800000 3968.000000
0.492203 144.900000 148.600000 170.800000 3968.000000
0.491953 144.900000 148.800000 170.600000 3968.000000
0.491606 145.100000 148.800000 170.900000 3968.000000
0.492241 144.900000 148.500000 170.900000 3968.000000
0.491853 145.000000 148.700000 170.800000 3968.000000
0.491393 145.100000 148.900000 170.700000 3968.000000
0.491989 145.000000 148.600000 171.300000 3968.000000
0.491933 145.000000 148.500000 171.400000 3968.000000
0.491863 145.100000 148.700000 170.700000 3968.000000
0.491861 145.100000 148.900000 171.000000 3968.000000
0.491941 145.000000 148.500000 171.100000 3968.000000
0.491969 144.900000 148.600000 171.500000 3968.000000
0.492011 144.900000 148.600000 171.200000 3968.000000
0.492409 144.900000 148.500000 170.800000 3968.000000
0.492163 144.900000 148.600000 170.600000 3968.000000
0.491385 145.100000 148.800000 171.300000 3968.000000
0.492371 144.900000 148.500000 170.700000 3968.000000
0.492077 144.900000 148.600000 171.100000 3968.000000
0.492451 144.900000 148.500000 170.600000 3968.000000
0.491839 145.000000 148.900000 170.800000 3968.000000
0.492143 144.900000 148.600000 170.900000 3968.000000
0.492309 144.900000 148.500000 171.200000 3968.000000
0.492137 144.900000 148.600000 171.100000 3968.000000
0.492521 144.900000 148.500000 170.700000 3968.000000
0.491851 145.100000 148.600000 170.900000 3968.000000
0.492231 144.900000 148.600000 171.500000 3968.000000
0.491461 145.100000 148.800000 171.500000 3968.000000
0.491667 145.100000 148.700000 171.100000 3968.000000
0.492323 144.900000 148.600000 170.200000 3968.000000
0.491821 145.000000 148.700000 170.700000 3968.000000
0.491909 145.100000 148.700000 170.500000 3968.000000
0.492103 145.000000 148.600000 170.800000 3968.000000
0.491893 144.900000 148.600000 171.000000 3968.000000
0.491995 144.900000 148.600000 171.500000 3968.000000
0.492171 144.900000 148.500000 170.600000 3968.000000
0.492231 144.900000 148.500000 170.400000 3968.000000
0.491317 145.100000 149.000000 170.900000 3968.000000
0.491725 145.000000 148.700000 171.000000 3968.000000
