mrps lat_us_50 lat_us_90 lat_us_99
2.866667 10.925000 12.750000 15.325000 1984.000000
5.709062 21.900000 25.575000 30.575000 3968.000000
5.721638 21.950000 25.550000 30.825000 3968.000000
5.723353 21.800000 25.600000 30.650000 3968.000000
5.722666 21.950000 25.475000 30.450000 3968.000000
5.781229 21.550000 25.475000 30.350000 3968.000000
5.771061 21.625000 25.425000 30.475000 3968.000000
5.746091 21.725000 25.525000 30.550000 3968.000000
5.758975 21.625000 25.500000 30.625000 3968.000000
5.763444 21.600000 25.450000 30.600000 3968.000000
5.689282 22.175000 25.550000 30.450000 3968.000000
5.691381 22.150000 25.600000 30.575000 3968.000000
5.725076 21.875000 25.525000 30.325000 3968.000000
5.707783 22.025000 25.575000 30.375000 3968.000000
5.751819 21.700000 25.450000 30.325000 3968.000000
5.721358 21.925000 25.575000 30.725000 3968.000000
5.734433 21.825000 25.525000 30.325000 3968.000000
5.721766 21.850000 25.550000 30.450000 3968.000000
5.702945 22.050000 25.550000 30.350000 3968.000000
5.708898 22.000000 25.575000 30.550000 3968.000000
5.707883 22.000000 25.550000 30.475000 3968.000000
5.684823 22.100000 25.650000 30.400000 3968.000000
5.737522 21.725000 25.500000 30.575000 3968.000000
5.714543 21.900000 25.525000 30.475000 3968.000000
5.695736 22.050000 25.625000 30.650000 3968.000000
5.702599 22.075000 25.550000 30.400000 3968.000000
5.708835 21.975000 25.550000 30.275000 3968.000000
5.699173 22.050000 25.525000 30.350000 3968.000000
5.702528 21.925000 25.600000 30.575000 3968.000000
5.720831 21.850000 25.600000 30.500000 3968.000000
5.729898 21.850000 25.525000 30.275000 3968.000000
5.716695 21.925000 25.550000 30.350000 3968.000000
5.664598 22.350000 25.650000 30.650000 3968.000000
5.738182 21.850000 25.525000 30.300000 3968.000000
5.687919 22.075000 25.650000 30.675000 3968.000000
5.684217 22.200000 25.550000 30.375000 3968.000000
5.709635 22.000000 25.525000 30.375000 3968.000000
5.736765 21.800000 25.525000 30.200000 3968.000000
5.717118 21.925000 25.600000 30.375000 3968.000000
5.702408 21.950000 25.625000 30.700000 3968.000000
5.709083 21.975000 25.550000 30.525000 3968.000000
5.717572 21.800000 25.575000 30.475000 3968.000000
5.709074 22.050000 25.625000 30.600000 3968.000000
5.721610 21.825000 25.575000 30.425000 3968.000000
5.713927 21.925000 25.525000 30.375000 3968.000000
5.692313 21.925000 25.625000 30.375000 3968.000000
5.687814 22.100000 25.600000 30.575000 3968.000000
5.674525 22.300000 25.625000 30.350000 3968.000000
5.685836 22.150000 25.600000 30.625000 3968.000000
5.693589 22.000000 25.650000 30.625000 3968.000000
5.699527 22.075000 25.600000 30.575000 3968.000000
5.713817 21.950000 25.550000 30.350000 3968.000000
5.709050 21.950000 25.575000 30.425000 3968.000000
5.711618 22.000000 25.575000 30.350000 3968.000000
5.732556 21.725000 25.550000 30.325000 3968.000000
5.678244 22.075000 25.650000 30.750000 3968.000000
5.703929 22.000000 25.600000 30.450000 3968.000000
5.704769 21.925000 25.600000 30.400000 3968.000000
5.667622 22.325000 25.675000 30.475000 3968.000000
5.691710 22.100000 25.550000 30.425000 3968.000000
5.709516 21.975000 25.550000 30.450000 3968.000000
5.710426 21.925000 25.525000 30.475000 3968.000000
5.705976 22.025000 25.600000 30.325000 3968.000000
5.674009 22.150000 25.650000 30.500000 3968.000000
5.702603 21.975000 25.575000 30.500000 3968.000000
5.707190 21.875000 25.550000 30.575000 3968.000000
5.680225 22.225000 25.600000 30.525000 3968.000000
5.716174 21.925000 25.525000 30.525000 3968.000000
5.722455 21.800000 25.525000 30.575000 3968.000000
5.725075 21.875000 25.500000 30.300000 3968.000000
5.692349 22.200000 25.525000 30.425000 3968.000000
5.730605 21.875000 25.475000 30.400000 3968.000000
5.745369 21.675000 25.475000 30.250000 3968.000000
5.707679 21.975000 25.575000 30.300000 3968.000000
5.720781 21.925000 25.550000 30.425000 3968.000000
5.722314 21.850000 25.550000 30.425000 3968.000000
5.711211 21.850000 25.625000 30.500000 3968.000000
5.713099 21.875000 25.600000 30.625000 3968.000000
5.710421 21.975000 25.550000 30.375000 3968.000000
5.706700 21.950000 25.600000 30.650000 3968.000000
5.738032 21.700000 25.500000 30.525000 3968.000000
5.715189 21.900000 25.550000 30.425000 3968.000000
5.712851 22.050000 25.500000 30.325000 3968.000000
5.692954 22.025000 25.625000 30.800000 3968.000000
5.721032 21.900000 25.525000 30.275000 3968.000000
5.706318 21.900000 25.575000 30.800000 3968.000000
5.743266 21.725000 25.525000 30.625000 3968.000000
5.709732 21.975000 25.625000 30.600000 3968.000000
5.741975 21.650000 25.550000 30.675000 3968.000000
5.699524 22.075000 25.575000 30.275000 3968.000000
5.697712 22.100000 25.525000 30.450000 3968.000000
5.735079 21.775000 25.550000 30.600000 3968.000000
5.700508 22.050000 25.550000 30.275000 3968.000000
5.709456 21.900000 25.600000 30.600000 3968.000000
5.695455 22.000000 25.625000 30.550000 3968.000000
5.737101 21.775000 25.550000 30.550000 3968.000000
5.695439 22.000000 25.600000 30.500000 3968.000000
5.677501 22.225000 25.625000 30.425000 3968.000000
5.694268 21.975000 25.650000 30.725000 3968.000000
5.700212 22.050000 25.550000 30.475000 3968.000000
5.725841 21.825000 25.575000 30.575000 3968.000000
5.702698 21.950000 25.600000 30.525000 3968.000000
5.726818 21.750000 25.575000 30.325000 3968.000000
5.698550 22.025000 25.550000 30.450000 3968.000000
5.699055 22.075000 25.550000 30.375000 3968.000000
5.737170 21.725000 25.450000 30.200000 3968.000000
5.714468 21.900000 25.525000 30.500000 3968.000000
5.735795 21.750000 25.500000 30.125000 3968.000000
5.672766 22.225000 25.625000 30.525000 3968.000000
5.719232 21.850000 25.525000 30.200000 3968.000000
5.719265 21.825000 25.550000 30.175000 3968.000000
5.669487 22.175000 25.650000 30.900000 3968.000000
5.689965 22.025000 25.600000 30.550000 3968.000000
5.705989 21.900000 25.575000 30.425000 3968.000000
5.690895 22.100000 25.600000 30.425000 3968.000000
5.688457 22.075000 25.625000 30.500000 3968.000000
5.701588 22.000000 25.575000 30.425000 3968.000000
5.733877 21.850000 25.525000 30.450000 3968.000000
5.704553 22.000000 25.600000 30.450000 3968.000000
5.678250 22.200000 25.650000 30.500000 3968.000000
