mrps lat_us_50 lat_us_90 lat_us_99 range_us_99
0.724587 176.700000 192.700000 247.200000 3968.000000
0.725038 176.800000 194.100000 250.600000 3968.000000
0.725011 177.900000 193.000000 246.200000 3968.000000
0.725011 177.200000 197.600000 256.600000 3968.000000
0.725003 176.800000 194.500000 252.200000 3968.000000
0.725036 179.400000 198.600000 258.000000 3968.000000
0.725000 179.200000 192.900000 244.800000 3968.000000
0.725019 177.200000 194.400000 249.400000 3968.000000
0.725007 177.000000 189.500000 241.200000 3968.000000
0.724999 178.000000 195.800000 252.200000 3968.000000
0.725025 178.000000 192.000000 245.000000 3968.000000
0.725005 176.900000 190.600000 242.000000 3968.000000
0.724991 178.100000 195.100000 249.400000 3968.000000
0.725020 176.600000 189.200000 238.400000 3968.000000
0.725007 176.500000 189.600000 241.000000 3968.000000
0.725065 176.900000 189.500000 238.400000 3968.000000
0.725035 176.600000 191.100000 244.000000 3968.000000
0.725003 178.000000 189.700000 240.800000 3968.000000
0.725015 176.400000 189.100000 240.400000 3968.000000
0.725003 177.800000 193.900000 247.800000 3968.000000
0.725022 176.700000 191.400000 245.600000 3968.000000
0.725009 177.000000 192.300000 244.600000 3968.000000
0.725007 177.400000 191.700000 242.800000 3968.000000
0.725009 176.300000 187.300000 236.400000 3968.000000
0.725011 177.000000 192.700000 245.600000 3968.000000
0.725009 176.700000 190.300000 240.800000 3968.000000
0.725027 176.800000 190.400000 242.000000 3968.000000
0.725006 178.400000 194.400000 249.800000 3968.000000
0.724997 176.800000 193.400000 246.800000 3968.000000
0.725013 178.500000 188.000000 234.200000 3968.000000
0.725003 177.700000 191.400000 243.000000 3968.000000
0.725009 177.100000 193.800000 247.600000 3968.000000
0.724994 176.800000 192.200000 245.400000 3968.000000
0.725017 177.400000 193.700000 247.600000 3968.000000
0.725003 178.200000 194.100000 249.000000 3968.000000
0.725007 177.200000 192.600000 245.800000 3968.000000
0.725009 176.900000 191.200000 243.400000 3968.000000
0.725001 176.900000 192.900000 246.400000 3968.000000
0.724995 176.300000 187.600000 235.200000 3968.000000
0.725012 176.600000 188.500000 236.600000 3968.000000
0.725017 177.200000 196.500000 255.400000 3968.000000
0.725013 177.400000 189.000000 237.600000 3968.000000
0.725011 177.900000 189.700000 238.600000 3968.000000
0.725001 177.600000 193.700000 247.600000 3968.000000
0.724991 176.600000 188.700000 237.400000 3968.000000
0.725019 177.900000 193.200000 246.600000 3968.000000
0.725015 176.600000 188.500000 238.400000 3968.000000
0.724998 176.700000 192.100000 244.800000 3968.000000
0.725029 177.300000 193.700000 249.000000 3968.000000
0.725001 176.400000 188.000000 236.400000 3968.000000
0.725013 177.400000 191.700000 245.200000 3968.000000
0.725011 176.700000 191.500000 242.600000 3968.000000
0.725007 177.100000 188.000000 234.400000 3968.000000
0.725013 176.300000 184.300000 228.000000 3968.000000
0.725021 177.700000 193.000000 247.400000 3968.000000
0.725000 179.500000 195.500000 249.800000 3968.000000
0.725015 178.400000 189.100000 237.000000 3968.000000
0.724999 176.500000 188.700000 237.600000 3968.000000
0.724995 177.900000 195.200000 250.800000 3968.000000
0.725017 178.400000 196.200000 252.800000 3968.000000
0.725009 179.500000 194.000000 247.600000 3968.000000
0.724999 177.700000 194.700000 251.000000 3968.000000
0.725009 177.100000 191.600000 243.600000 3968.000000
0.725005 177.200000 187.900000 234.800000 3968.000000
0.725021 177.600000 193.600000 248.400000 3968.000000
0.725003 176.600000 190.300000 241.600000 3968.000000
0.725011 177.600000 188.100000 235.600000 3968.000000
0.725017 176.600000 191.800000 248.000000 3968.000000
0.725043 179.000000 191.200000 242.400000 3968.000000
0.725007 177.200000 193.100000 246.800000 3968.000000
0.725007 176.700000 192.000000 243.800000 3968.000000
0.724985 177.000000 191.400000 244.600000 3968.000000
0.725019 180.300000 198.400000 257.200000 3968.000000
0.725015 180.300000 199.800000 259.200000 3968.000000
0.725017 178.800000 196.300000 253.400000 3968.000000
0.725017 179.700000 194.000000 247.400000 3968.000000
0.724995 177.100000 194.400000 251.400000 3968.000000
0.724994 176.400000 190.300000 243.400000 3968.000000
0.725009 177.000000 191.200000 242.200000 3968.000000
0.725015 178.000000 193.000000 247.200000 3968.000000
0.724997 179.800000 196.300000 250.400000 3968.000000
0.725021 177.900000 194.700000 248.800000 3968.000000
0.724999 176.800000 191.400000 244.200000 3968.000000
0.725009 176.300000 186.200000 232.600000 3968.000000
0.725034 177.700000 195.300000 250.200000 3968.000000
0.725003 176.800000 192.900000 247.400000 3968.000000
0.725009 177.600000 193.100000 247.000000 3968.000000
0.725009 177.600000 195.500000 253.200000 3968.000000
0.725014 176.500000 190.500000 240.800000 3968.000000
0.725011 177.400000 194.600000 250.200000 3968.000000
0.725021 179.800000 195.600000 250.200000 3968.000000
0.725006 178.600000 193.000000 245.400000 3968.000000
0.725020 178.700000 193.600000 247.600000 3968.000000
0.725009 177.000000 193.100000 247.000000 3968.000000
0.725023 176.800000 194.600000 250.200000 3968.000000
0.725003 176.600000 191.000000 244.000000 3968.000000
0.725015 177.700000 192.100000 244.400000 3968.000000
0.725009 177.400000 192.600000 247.000000 3968.000000
0.725012 180.600000 196.000000 255.000000 3968.000000
0.725007 179.300000 196.600000 253.200000 3968.000000
0.725040 176.500000 189.000000 238.800000 3968.000000
0.725019 176.500000 186.600000 235.400000 3968.000000
0.725011 176.800000 194.000000 250.000000 3968.000000
0.725009 177.600000 193.500000 249.600000 3968.000000
0.725013 177.800000 194.300000 250.600000 3968.000000
0.725013 176.600000 190.700000 242.000000 3968.000000
0.725000 177.500000 193.500000 247.000000 3968.000000
0.725015 177.600000 191.300000 243.800000 3968.000000
0.725017 177.000000 193.600000 249.600000 3968.000000
0.725027 177.900000 195.200000 250.800000 3968.000000
0.725013 177.700000 191.000000 242.400000 3968.000000
0.725001 178.400000 194.800000 250.600000 3968.000000
0.725020 179.100000 194.500000 248.800000 3968.000000
0.725015 177.700000 189.300000 238.200000 3968.000000
0.725013 177.200000 190.800000 242.200000 3968.000000
0.725027 179.400000 192.700000 244.200000 3968.000000
0.725006 176.600000 191.000000 242.800000 3968.000000
0.725018 177.100000 193.700000 248.000000 3968.000000
0.725011 176.200000 182.800000 225.000000 3968.000000
0.725615 178.900000 195.700000 251.200000 3968.000000
