mrps lat_us_50 lat_us_90 lat_us_99 range_us_99
0.627688 112.600000 120.600000 138.000000 3968.000000
0.633137 112.000000 115.700000 138.200000 3968.000000
0.634701 112.000000 114.800000 137.600000 3968.000000
0.634739 112.000000 114.800000 137.600000 3968.000000
0.634363 112.000000 114.800000 138.200000 3968.000000
0.634947 112.000000 114.700000 138.200000 3968.000000
0.634671 112.000000 114.800000 138.400000 3968.000000
0.634527 112.000000 114.800000 138.600000 3968.000000
0.634065 112.000000 114.800000 138.500000 3968.000000
0.634141 112.000000 114.800000 138.300000 3968.000000
0.632837 112.400000 115.100000 138.600000 3968.000000
0.634067 112.000000 114.900000 137.700000 3968.000000
0.634783 112.000000 114.800000 137.700000 3968.000000
0.635085 112.000000 114.700000 137.300000 3968.000000
0.634097 112.000000 114.800000 137.800000 3968.000000
0.634247 112.000000 114.900000 137.300000 3968.000000
0.633231 112.100000 115.700000 137.200000 3968.000000
0.633905 112.000000 115.000000 137.400000 3968.000000
0.634161 112.000000 114.800000 137.300000 3968.000000
0.634451 112.000000 114.800000 137.500000 3968.000000
0.633781 112.200000 114.900000 137.500000 3968.000000
0.633407 112.400000 114.900000 137.600000 3968.000000
0.634573 112.000000 114.900000 137.300000 3968.000000
0.634459 112.000000 114.800000 138.000000 3968.000000
0.633951 112.100000 114.900000 138.100000 3968.000000
0.634969 112.000000 114.600000 137.500000 3968.000000
0.634339 112.000000 114.800000 137.400000 3968.000000
0.634645 112.000000 114.800000 137.500000 3968.000000
0.634833 112.000000 114.700000 137.300000 3968.000000
0.634669 112.000000 114.700000 137.400000 3968.000000
0.634175 112.000000 114.800000 137.100000 3968.000000
0.634403 112.000000 114.800000 136.900000 3968.000000
0.633755 112.200000 114.900000 137.100000 3968.000000
0.635193 112.000000 114.700000 136.500000 3968.000000
0.633869 112.100000 114.900000 136.900000 3968.000000
0.635109 112.000000 114.800000 136.700000 3968.000000
0.634641 112.000000 114.800000 136.600000 3968.000000
0.634407 112.000000 114.800000 137.000000 3968.000000
0.634853 112.000000 114.800000 136.500000 3968.000000
0.634703 112.000000 114.800000 137.100000 3968.000000
0.634121 112.100000 114.800000 137.200000 3968.000000
0.633951 112.200000 114.900000 137.300000 3968.000000
0.633157 112.400000 115.000000 137.400000 3968.000000
0.634017 112.200000 114.900000 137.400000 3968.000000
0.634573 112.000000 114.600000 137.300000 3968.000000
0.634447 112.000000 114.800000 137.800000 3968.000000
0.634273 112.000000 114.800000 137.600000 3968.000000
0.635003 112.000000 114.800000 137.300000 3968.000000
0.634841 112.000000 114.800000 137.400000 3968.000000
0.634937 112.000000 114.700000 137.200000 3968.000000
0.634433 112.000000 114.800000 137.100000 3968.000000
0.633351 112.400000 115.100000 137.100000 3968.000000
0.634467 112.000000 114.800000 136.900000 3968.000000
0.633445 112.300000 115.000000 137.400000 3968.000000
0.634487 112.000000 114.800000 137.400000 3968.000000
0.634827 112.000000 114.800000 137.100000 3968.000000
0.634015 112.100000 114.800000 137.200000 3968.000000
0.634879 112.000000 114.700000 136.800000 3968.000000
0.634173 112.100000 114.900000 137.300000 3968.000000
0.634569 112.000000 114.800000 137.100000 3968.000000
0.634291 112.000000 114.800000 137.100000 3968.000000
0.634487 112.000000 114.800000 137.000000 3968.000000
0.634173 112.200000 114.800000 137.200000 3968.000000
0.633495 112.200000 114.900000 137.800000 3968.000000
0.634525 112.000000 114.700000 137.100000 3968.000000
0.634675 112.000000 114.800000 137.200000 3968.000000
0.634365 112.000000 114.800000 137.200000 3968.000000
0.634821 112.000000 114.800000 137.000000 3968.000000
0.634727 112.000000 114.700000 137.100000 3968.000000
0.634547 112.000000 114.800000 137.000000 3968.000000
0.634591 112.000000 114.800000 137.000000 3968.000000
0.634613 112.000000 114.800000 137.300000 3968.000000
0.633501 112.300000 114.900000 137.100000 3968.000000
0.633981 112.200000 114.900000 137.000000 3968.000000
0.633035 112.400000 115.100000 136.900000 3968.000000
0.633175 112.200000 115.700000 136.900000 3968.000000
0.633585 112.200000 115.000000 136.800000 3968.000000
0.634315 112.000000 114.800000 136.600000 3968.000000
0.634171 112.000000 114.900000 136.900000 3968.000000
0.634765 112.000000 114.800000 136.800000 3968.000000
0.634232 112.000000 114.800000 137.000000 3968.000000
0.634823 112.000000 114.700000 137.100000 3968.000000
0.633235 112.400000 114.900000 137.500000 3968.000000
0.634703 112.000000 114.800000 137.100000 3968.000000
0.633391 112.400000 114.900000 137.200000 3968.000000
0.634265 112.000000 114.800000 137.300000 3968.000000
0.633697 112.200000 114.900000 137.500000 3968.000000
0.634857 112.000000 114.700000 136.700000 3968.000000
0.634385 112.000000 114.800000 137.000000 3968.000000
0.634639 112.000000 114.800000 136.500000 3968.000000
0.634689 112.000000 114.800000 136.600000 3968.000000
0.634197 112.000000 114.900000 136.800000 3968.000000
0.634711 112.000000 114.800000 136.400000 3968.000000
0.634247 112.000000 114.800000 136.500000 3968.000000
0.634497 112.000000 114.800000 136.400000 3968.000000
0.632667 112.400000 115.100000 136.700000 3968.000000
0.633897 112.200000 114.900000 136.800000 3968.000000
0.634867 112.000000 114.800000 136.800000 3968.000000
0.634331 112.000000 114.800000 136.900000 3968.000000
0.634767 112.000000 114.800000 136.900000 3968.000000
0.634971 112.000000 114.800000 136.800000 3968.000000
0.634047 112.200000 114.800000 137.300000 3968.000000
0.634483 112.000000 114.800000 137.100000 3968.000000
0.633693 112.200000 114.900000 137.100000 3968.000000
0.634363 112.000000 114.800000 136.900000 3968.000000
0.634135 112.100000 114.900000 136.900000 3968.000000
0.632935 112.400000 115.000000 137.200000 3968.000000
0.634591 112.000000 114.800000 136.500000 3968.000000
0.634627 112.000000 114.900000 136.800000 3968.000000
0.634856 112.000000 114.700000 136.500000 3968.000000
0.634685 112.000000 114.800000 136.700000 3968.000000
0.634463 112.000000 114.800000 136.700000 3968.000000
0.634774 112.000000 114.800000 136.600000 3968.000000
0.633895 112.200000 114.900000 136.700000 3968.000000
0.634633 112.000000 114.800000 136.600000 3968.000000
0.634377 112.000000 114.900000 136.800000 3968.000000
0.632817 112.400000 115.100000 137.200000 3968.000000
0.634103 112.100000 114.800000 136.800000 3968.000000
0.634429 112.000000 114.800000 136.700000 3968.000000
0.634477 112.000000 114.800000 137.100000 3968.000000
