mrps lat_us_50 lat_us_90 lat_us_99
4.216324 396.800000 396.800000 396.800000 30.000000
4.215541 396.800000 396.800000 396.800000 33.375000
4.217909 396.800000 396.800000 396.800000 33.750000
4.216334 396.800000 396.800000 396.800000 33.625000
4.232930 396.800000 396.800000 396.800000 33.500000
4.228048 396.800000 396.800000 396.800000 33.500000
4.211908 396.800000 396.800000 396.800000 33.625000
4.167050 396.800000 396.800000 396.800000 35.250000
4.233407 396.800000 396.800000 396.800000 33.500000
4.214726 396.800000 396.800000 396.800000 33.875000
4.234151 396.800000 396.800000 396.800000 33.500000
4.207977 396.800000 396.800000 396.800000 33.625000
4.200250 396.800000 396.800000 396.800000 33.750000
4.211792 396.800000 396.800000 396.800000 33.375000
4.229284 396.800000 396.800000 396.800000 33.375000
4.206009 396.800000 396.800000 396.800000 33.500000
4.203332 396.800000 396.800000 396.800000 33.625000
4.224116 396.800000 396.800000 396.800000 33.625000
4.249412 396.800000 396.800000 396.800000 33.375000
4.216708 396.800000 396.800000 396.800000 34.000000
4.214801 396.800000 396.800000 396.800000 34.000000
4.229763 396.800000 396.800000 396.800000 33.500000
4.215141 396.800000 396.800000 396.800000 33.500000
4.204554 396.800000 396.800000 396.800000 33.875000
4.214321 396.800000 396.800000 396.800000 33.750000
4.219612 396.800000 396.800000 396.800000 33.625000
4.215697 396.800000 396.800000 396.800000 33.375000
4.218394 396.800000 396.800000 396.800000 33.375000
4.214107 396.800000 396.800000 396.800000 33.500000
4.225578 396.800000 396.800000 396.800000 33.375000
4.208994 396.800000 396.800000 396.800000 34.500000
4.204414 396.800000 396.800000 396.800000 34.500000
4.205345 396.800000 396.800000 396.800000 33.500000
4.210602 396.800000 396.800000 396.800000 33.375000
4.234972 396.800000 396.800000 396.800000 33.250000
4.211923 396.800000 396.800000 396.800000 33.625000
4.210859 396.800000 396.800000 396.800000 33.375000
4.223140 396.800000 396.800000 396.800000 33.375000
4.222156 396.800000 396.800000 396.800000 33.875000
4.219362 396.800000 396.800000 396.800000 33.625000
4.214993 396.800000 396.800000 396.800000 33.625000
4.218679 396.800000 396.800000 396.800000 33.750000
4.216664 396.800000 396.800000 396.800000 33.625000
4.223692 396.800000 396.800000 396.800000 33.500000
4.215275 396.800000 396.800000 396.800000 33.375000
4.217125 396.800000 396.800000 396.800000 34.250000
4.214850 396.800000 396.800000 396.800000 33.625000
4.221115 396.800000 396.800000 396.800000 33.375000
4.219213 396.800000 396.800000 396.800000 33.625000
4.228823 396.800000 396.800000 396.800000 33.250000
4.231193 396.800000 396.800000 396.800000 33.750000
4.217418 396.800000 396.800000 396.800000 33.625000
4.216107 396.800000 396.800000 396.800000 33.500000
4.234149 396.800000 396.800000 396.800000 33.375000
4.241860 396.800000 396.800000 396.800000 33.500000
4.237362 396.800000 396.800000 396.800000 33.375000
4.218152 396.800000 396.800000 396.800000 33.625000
4.211770 396.800000 396.800000 396.800000 33.375000
4.212199 396.800000 396.800000 396.800000 33.625000
4.218871 396.800000 396.800000 396.800000 33.500000
4.216200 396.800000 396.800000 396.800000 33.625000
4.219992 396.800000 396.800000 396.800000 33.375000
4.215684 396.800000 396.800000 396.800000 33.750000
4.218508 396.800000 396.800000 396.800000 33.625000
4.235990 396.800000 396.800000 396.800000 33.500000
4.234186 396.800000 396.800000 396.800000 33.375000
4.220737 396.800000 396.800000 396.800000 33.500000
4.238993 396.800000 396.800000 396.800000 33.500000
4.223446 396.800000 396.800000 396.800000 33.750000
4.220138 396.800000 396.800000 396.800000 33.375000
4.228025 396.800000 396.800000 396.800000 33.500000
4.216935 396.800000 396.800000 396.800000 33.375000
4.208258 396.800000 396.800000 396.800000 33.875000
4.223094 396.800000 396.800000 396.800000 33.625000
4.211043 396.800000 396.800000 396.800000 33.750000
4.204255 396.800000 396.800000 396.800000 33.875000
4.213288 396.800000 396.800000 396.800000 33.500000
4.227463 396.800000 396.800000 396.800000 33.375000
4.238519 396.800000 396.800000 396.800000 33.250000
4.217029 396.800000 396.800000 396.800000 33.625000
4.214000 396.800000 396.800000 396.800000 33.500000
4.233902 396.800000 396.800000 396.800000 33.250000
4.226908 396.800000 396.800000 396.800000 33.625000
4.220402 396.800000 396.800000 396.800000 33.625000
4.229750 396.800000 396.800000 396.800000 33.500000
4.237934 396.800000 396.800000 396.800000 33.375000
4.230690 396.800000 396.800000 396.800000 33.250000
4.229290 396.800000 396.800000 396.800000 33.625000
4.215397 396.800000 396.800000 396.800000 33.750000
4.225031 396.800000 396.800000 396.800000 33.500000
4.218824 396.800000 396.800000 396.800000 33.625000
4.223078 396.800000 396.800000 396.800000 33.375000
4.244350 396.800000 396.800000 396.800000 33.375000
4.214679 396.800000 396.800000 396.800000 33.500000
4.240361 396.800000 396.800000 396.800000 33.625000
4.214476 396.800000 396.800000 396.800000 33.625000
4.217635 396.800000 396.800000 396.800000 33.375000
4.222486 396.800000 396.800000 396.800000 33.625000
4.214478 396.800000 396.800000 396.800000 33.375000
4.218730 396.800000 396.800000 396.800000 33.500000
4.239186 396.800000 396.800000 396.800000 33.375000
4.221030 396.800000 396.800000 396.800000 33.375000
4.232265 396.800000 396.800000 396.800000 33.250000
4.203892 396.800000 396.800000 396.800000 34.500000
4.213845 396.800000 396.800000 396.800000 33.500000
4.172015 396.800000 396.800000 396.800000 35.000000
4.166887 396.800000 396.800000 396.800000 34.125000
4.185267 396.800000 396.800000 396.800000 34.125000
4.213431 396.800000 396.800000 396.800000 33.500000
4.220595 396.800000 396.800000 396.800000 33.375000
4.234816 396.800000 396.800000 396.800000 33.375000
4.218124 396.800000 396.800000 396.800000 33.375000
4.212205 396.800000 396.800000 396.800000 34.000000
4.210964 396.800000 396.800000 396.800000 33.750000
4.213861 396.800000 396.800000 396.800000 33.375000
4.221949 396.800000 396.800000 396.800000 33.750000
4.217097 396.800000 396.800000 396.800000 33.375000
4.219436 396.800000 396.800000 396.800000 33.375000
4.247524 396.800000 396.800000 396.800000 33.250000
4.223465 396.800000 396.800000 396.800000 33.375000
