mrps lat_us_50 lat_us_90 lat_us_99
5.272684 24.150000 27.625000 33.475000 3968.000000
5.286968 24.125000 27.500000 33.400000 3968.000000
5.293523 24.075000 27.550000 33.250000 3968.000000
5.286320 24.100000 27.550000 33.275000 3968.000000
5.292063 24.075000 27.575000 33.500000 3968.000000
5.284821 24.150000 27.475000 33.450000 3968.000000
5.295430 24.075000 27.500000 33.425000 3968.000000
5.290335 24.125000 27.550000 33.400000 3968.000000
5.289975 24.125000 27.525000 33.300000 3968.000000
5.291769 24.075000 27.525000 33.475000 3968.000000
5.276402 24.150000 27.575000 33.475000 3968.000000
5.280433 24.125000 27.550000 33.475000 3968.000000
5.288656 24.125000 27.500000 33.375000 3968.000000
5.295715 24.075000 27.500000 33.250000 3968.000000
5.282300 24.175000 27.575000 33.400000 3968.000000
5.292526 24.075000 27.575000 33.550000 3968.000000
5.290910 24.125000 27.475000 33.375000 3968.000000
5.281246 24.175000 27.550000 33.400000 3968.000000
5.289151 24.150000 27.475000 33.175000 3968.000000
5.291417 24.075000 27.525000 33.525000 3968.000000
5.280716 24.100000 27.600000 33.600000 3968.000000
5.286566 24.150000 27.450000 33.350000 3968.000000
5.286118 24.100000 27.575000 33.400000 3968.000000
5.290683 24.125000 27.475000 33.425000 3968.000000
5.271791 24.200000 27.650000 33.550000 3968.000000
5.282148 24.150000 27.525000 33.400000 3968.000000
5.290170 24.125000 27.475000 33.500000 3968.000000
5.296433 24.100000 27.475000 33.400000 3968.000000
5.288205 24.125000 27.525000 33.425000 3968.000000
5.274508 24.125000 27.600000 33.525000 3968.000000
5.288051 24.150000 27.550000 33.500000 3968.000000
5.291201 24.125000 27.525000 33.350000 3968.000000
5.292857 24.100000 27.500000 33.400000 3968.000000
5.275962 24.150000 27.600000 33.525000 3968.000000
5.292149 24.100000 27.575000 33.550000 3968.000000
5.265032 24.225000 27.625000 33.625000 3968.000000
5.294396 24.075000 27.500000 33.650000 3968.000000
5.289805 24.150000 27.525000 33.300000 3968.000000
5.283456 24.175000 27.575000 33.425000 3968.000000
5.290422 24.100000 27.525000 33.300000 3968.000000
5.290385 24.150000 27.475000 33.300000 3968.000000
5.289892 24.175000 27.500000 33.200000 3968.000000
5.281872 24.125000 27.600000 33.475000 3968.000000
5.284389 24.125000 27.550000 33.300000 3968.000000
5.301208 24.075000 27.500000 33.325000 3968.000000
5.285456 24.100000 27.625000 33.775000 3968.000000
5.284306 24.125000 27.500000 33.475000 3968.000000
5.280152 24.100000 27.575000 33.475000 3968.000000
5.289344 24.150000 27.450000 33.300000 3968.000000
5.296343 24.075000 27.425000 33.150000 3968.000000
5.287587 24.125000 27.550000 33.250000 3968.000000
5.276692 24.175000 27.575000 33.500000 3968.000000
5.291506 24.100000 27.550000 33.450000 3968.000000
5.282065 24.175000 27.500000 33.225000 3968.000000
5.293692 24.100000 27.450000 33.225000 3968.000000
5.290441 24.100000 27.575000 33.575000 3968.000000
5.272892 24.175000 27.600000 33.675000 3968.000000
5.285515 24.150000 27.500000 33.225000 3968.000000
5.281255 24.150000 27.500000 33.325000 3968.000000
5.281601 24.125000 27.600000 33.675000 3968.000000
5.291799 24.075000 27.600000 33.500000 3968.000000
5.280536 24.150000 27.600000 33.450000 3968.000000
5.294870 24.075000 27.525000 33.225000 3968.000000
5.287390 24.100000 27.500000 33.425000 3968.000000
5.291100 24.100000 27.525000 33.350000 3968.000000
5.281613 24.100000 27.550000 33.575000 3968.000000
5.274030 24.150000 27.600000 33.500000 3968.000000
5.295177 24.100000 27.475000 33.400000 3968.000000
5.292703 24.100000 27.475000 33.325000 3968.000000
5.280847 24.150000 27.550000 33.150000 3968.000000
5.285990 24.125000 27.525000 32.900000 3968.000000
5.300997 24.075000 27.475000 32.850000 3968.000000
5.283737 24.150000 27.450000 32.950000 3968.000000
5.280082 24.175000 27.475000 32.825000 3968.000000
5.289807 24.125000 27.475000 32.975000 3968.000000
5.290103 24.125000 27.525000 32.950000 3968.000000
5.300902 24.025000 27.500000 33.150000 3968.000000
5.286175 24.150000 27.500000 32.850000 3968.000000
5.294584 24.125000 27.475000 32.950000 3968.000000
5.285071 24.150000 27.525000 33.000000 3968.000000
5.298974 24.100000 27.475000 32.700000 3968.000000
5.306206 24.050000 27.425000 33.025000 3968.000000
5.307046 24.025000 27.450000 32.825000 3968.000000
5.300391 24.075000 27.475000 32.925000 3968.000000
5.307084 24.025000 27.525000 32.950000 3968.000000
5.296655 24.100000 27.425000 32.900000 3968.000000
5.296148 24.050000 27.475000 32.925000 3968.000000
5.293846 24.075000 27.525000 33.000000 3968.000000
5.294428 24.075000 27.550000 33.225000 3968.000000
5.290148 24.150000 27.475000 32.800000 3968.000000
5.302092 24.075000 27.425000 32.825000 3968.000000
5.311131 24.000000 27.450000 32.800000 3968.000000
5.295286 24.075000 27.450000 32.950000 3968.000000
5.280153 24.200000 27.525000 32.875000 3968.000000
5.305718 24.025000 27.425000 32.725000 3968.000000
5.299489 24.075000 27.475000 32.950000 3968.000000
5.304613 24.025000 27.450000 32.975000 3968.000000
5.283967 24.125000 27.550000 33.375000 3968.000000
5.286378 24.100000 27.550000 33.050000 3968.000000
5.312625 24.000000 27.425000 32.825000 3968.000000
5.303012 24.075000 27.425000 32.900000 3968.000000
5.297789 24.075000 27.525000 32.950000 3968.000000
5.276558 24.200000 27.575000 32.950000 3968.000000
5.285739 24.175000 27.450000 32.650000 3968.000000
5.298510 24.100000 27.450000 32.775000 3968.000000
5.283736 24.175000 27.525000 32.925000 3968.000000
5.296636 24.125000 27.475000 32.850000 3968.000000
5.276453 24.175000 27.575000 33.050000 3968.000000
5.297626 24.100000 27.425000 32.900000 3968.000000
5.288616 24.125000 27.500000 33.050000 3968.000000
5.296675 24.125000 27.500000 33.000000 3968.000000
5.285563 24.075000 27.525000 33.050000 3968.000000
5.302666 24.050000 27.450000 32.900000 3968.000000
5.298331 24.050000 27.450000 32.875000 3968.000000
5.306559 24.025000 27.425000 33.000000 3968.000000
5.288953 24.125000 27.500000 32.925000 3968.000000
5.310273 24.000000 27.475000 32.850000 3968.000000
5.288106 24.125000 27.525000 33.275000 3968.000000
5.303446 24.100000 27.425000 32.900000 3968.000000
5.285729 24.150000 27.525000 33.000000 3968.000000
