mrps lat_us_50 lat_us_90 lat_us_99 range_us_99
5.679692 22.175000 25.275000 30.550000 3968.000000
5.718556 21.975000 25.150000 30.475000 3968.000000
5.697315 22.000000 25.225000 30.800000 3968.000000
5.701430 22.050000 25.225000 30.575000 3968.000000
5.670378 22.200000 25.275000 30.875000 3968.000000
5.690554 22.150000 25.175000 30.575000 3968.000000
5.652658 22.325000 25.400000 30.800000 3968.000000
5.694834 22.000000 25.175000 30.650000 3968.000000
5.683578 22.200000 25.250000 30.725000 3968.000000
5.689154 22.150000 25.200000 30.750000 3968.000000
5.682747 22.125000 25.300000 30.800000 3968.000000
5.703167 22.025000 25.225000 30.675000 3968.000000
5.679047 22.150000 25.250000 30.825000 3968.000000
5.706005 22.000000 25.200000 30.575000 3968.000000
5.683644 22.100000 25.250000 30.625000 3968.000000
5.690625 22.125000 25.225000 30.725000 3968.000000
5.688087 22.050000 25.250000 30.775000 3968.000000
5.672732 22.150000 25.300000 31.100000 3968.000000
5.681277 22.200000 25.275000 30.825000 3968.000000
5.684932 22.125000 25.225000 30.725000 3968.000000
5.645988 22.375000 25.325000 30.975000 3968.000000
5.692205 22.075000 25.225000 30.725000 3968.000000
5.685172 22.175000 25.275000 30.525000 3968.000000
5.702079 22.025000 25.225000 30.450000 3968.000000
5.685093 22.150000 25.200000 30.700000 3968.000000
5.695390 22.050000 25.200000 30.825000 3968.000000
5.688447 22.125000 25.275000 30.600000 3968.000000
5.677773 22.225000 25.275000 30.700000 3968.000000
5.676778 22.200000 25.300000 30.725000 3968.000000
5.702544 22.000000 25.225000 30.775000 3968.000000
5.670263 22.275000 25.300000 31.050000 3968.000000
5.675858 22.175000 25.250000 30.600000 3968.000000
5.673980 22.200000 25.275000 30.825000 3968.000000
5.701787 22.050000 25.175000 30.750000 3968.000000
5.673141 22.200000 25.275000 30.875000 3968.000000
5.676969 22.150000 25.300000 30.875000 3968.000000
5.681336 22.150000 25.225000 30.850000 3968.000000
5.686642 22.075000 25.275000 31.025000 3968.000000
5.665306 22.250000 25.375000 30.875000 3968.000000
5.691055 22.125000 25.225000 30.600000 3968.000000
5.672436 22.200000 25.250000 30.925000 3968.000000
5.686611 22.175000 25.250000 30.575000 3968.000000
5.680982 22.175000 25.275000 30.500000 3968.000000
5.685875 22.175000 25.250000 30.550000 3968.000000
5.659236 22.300000 25.300000 30.875000 3968.000000
5.654210 22.325000 25.275000 30.900000 3968.000000
5.674636 22.200000 25.300000 30.675000 3968.000000
5.681503 22.125000 25.200000 30.600000 3968.000000
5.677970 22.175000 25.325000 30.650000 3968.000000
5.672033 22.175000 25.325000 31.000000 3968.000000
5.689356 22.100000 25.275000 30.725000 3968.000000
5.685046 22.150000 25.275000 30.850000 3968.000000
5.675129 22.200000 25.225000 31.150000 3968.000000
5.678657 22.200000 25.250000 30.750000 3968.000000
5.682801 22.150000 25.300000 30.750000 3968.000000
5.683805 22.125000 25.300000 30.900000 3968.000000
5.684778 22.150000 25.250000 30.675000 3968.000000
5.672516 22.200000 25.275000 30.800000 3968.000000
5.649300 22.350000 25.300000 30.900000 3968.000000
5.646718 22.425000 25.325000 30.825000 3968.000000
5.677718 22.225000 25.250000 30.850000 3968.000000
5.683196 22.175000 25.250000 30.750000 3968.000000
5.665815 22.225000 25.300000 30.900000 3968.000000
5.682787 22.100000 25.250000 30.700000 3968.000000
5.692151 22.100000 25.250000 30.600000 3968.000000
5.687715 22.075000 25.200000 30.875000 3968.000000
5.659045 22.300000 25.275000 30.925000 3968.000000
5.683065 22.175000 25.275000 30.650000 3968.000000
5.669865 22.250000 25.250000 30.900000 3968.000000
5.670587 22.225000 25.300000 30.650000 3968.000000
5.665348 22.200000 25.350000 30.850000 3968.000000
5.662926 22.300000 25.275000 30.950000 3968.000000
5.675854 22.150000 25.300000 30.875000 3968.000000
5.706455 22.000000 25.250000 30.375000 3968.000000
5.678505 22.175000 25.275000 30.625000 3968.000000
5.682139 22.175000 25.275000 30.700000 3968.000000
5.655135 22.275000 25.350000 30.875000 3968.000000
5.669046 22.200000 25.300000 30.725000 3968.000000
5.694551 22.100000 25.200000 30.500000 3968.000000
5.684473 22.125000 25.225000 30.650000 3968.000000
5.650138 22.325000 25.425000 30.950000 3968.000000
5.660199 22.325000 25.250000 30.700000 3968.000000
5.662010 22.325000 25.275000 30.675000 3968.000000
5.669580 22.175000 25.325000 30.650000 3968.000000
5.689836 22.150000 25.225000 30.800000 3968.000000
5.687851 22.200000 25.225000 30.750000 3968.000000
5.664031 22.250000 25.325000 30.875000 3968.000000
5.685807 22.175000 25.225000 30.625000 3968.000000
5.661853 22.325000 25.225000 30.825000 3968.000000
5.686517 22.100000 25.225000 30.650000 3968.000000
5.683912 22.150000 25.275000 30.600000 3968.000000
5.648528 22.375000 25.300000 30.900000 3968.000000
5.664470 22.300000 25.275000 30.650000 3968.000000
5.689353 22.050000 25.300000 30.550000 3968.000000
5.676701 22.200000 25.225000 30.675000 3968.000000
5.680772 22.150000 25.275000 30.625000 3968.000000
5.670242 22.250000 25.300000 30.850000 3968.000000
5.706396 21.975000 25.200000 30.525000 3968.000000
5.667943 22.250000 25.275000 30.800000 3968.000000
5.675141 22.175000 25.275000 31.000000 3968.000000
5.659440 22.300000 25.300000 30.825000 3968.000000
5.677684 22.150000 25.275000 30.800000 3968.000000
5.667011 22.200000 25.325000 30.600000 3968.000000
5.672895 22.225000 25.275000 30.600000 3968.000000
5.659430 22.350000 25.275000 30.800000 3968.000000
5.671959 22.225000 25.225000 30.950000 3968.000000
5.660908 22.300000 25.225000 30.750000 3968.000000
5.692207 22.125000 25.250000 30.500000 3968.000000
5.697602 22.075000 25.250000 30.700000 3968.000000
5.665793 22.200000 25.325000 30.700000 3968.000000
5.654022 22.375000 25.300000 30.575000 3968.000000
5.650734 22.350000 25.400000 30.900000 3968.000000
5.631919 22.425000 25.450000 31.100000 3968.000000
5.669484 22.250000 25.250000 30.750000 3968.000000
5.652528 22.350000 25.350000 30.825000 3968.000000
5.682990 22.150000 25.250000 30.525000 3968.000000
5.687682 22.075000 25.225000 30.550000 3968.000000
5.663248 22.175000 25.250000 30.650000 3968.000000
5.681714 22.100000 25.300000 30.575000 3968.000000
5.680621 22.125000 25.300000 30.725000 3968.000000
